436	229
348	50
127	175
350	315
42	67
441	172
108	46
268	207
72	58
369	108
447	390
343	239
227	149
283	426
171	70
288	76
216	330
40	157
338	406
134	423
151	237
301	234
342	154
157	141
61	205
224	49
438	215
210	239
146	309
268	257
134	163
294	262
243	63
74	319
418	344
334	88
156	158
283	427
402	446
56	241
47	132
51	219
64	402
447	335
369	131
442	315
152	55
450	174
62	171
116	261
422	162
71	252
288	66
373	249
218	435
128	162
241	70
57	230
311	46
271	323
272	354
352	237
452	358
377	250
69	216
234	136
309	414
121	308
45	235
91	54
280	334
83	83
138	217
211	435
290	138
149	362
204	445
142	263
209	53
74	331
366	53
424	192
245	158
290	322
265	417
44	416
366	67
366	274
184	176
221	166
235	357
197	255
126	73
371	425
191	262
421	99
421	276
234	413
297	251
137	61
437	109
189	155
73	206
224	430
206	47
319	445
72	407
420	378
418	177
345	109
137	370
453	143
439	447
211	80
58	201
276	332
203	409
405	437
363	331
82	63
52	331
441	296
429	431
139	230
430	394
132	390
58	231
287	47
197	261
328	415
369	333
269	50
139	352
178	433
59	260
139	367
62	431
363	130
124	243
202	177
63	406
449	115
289	334
436	110
133	200
161	65
60	425
360	258
250	417
246	85
127	188
137	343
74	289
298	178
289	159
129	182
141	77
371	173
151	238
274	59
455	352
74	164
190	340
374	270
114	417
427	325
438	186
241	428
344	114
379	195
363	242
354	284
434	262
285	335
143	353
75	84
40	164
123	383
228	89
321	405
271	434
297	143
174	140
431	207
124	198
121	367
190	245
359	50
282	78
244	49
252	155
72	384
75	180
192	327
211	319
152	85
196	356
140	286
176	87
60	252
369	120
302	346
297	180
264	356
257	417
365	318
216	61
244	351
202	81
372	296
352	301
455	239
425	346
418	386
191	443
66	430
214	335
367	120
65	265
214	276
291	413
270	162
59	360
424	221
192	285
274	185
433	244
245	67
219	271
156	156
423	297
292	266
286	320
355	308
319	433
444	434
269	159
322	433
377	350
378	418
285	71
379	231
148	47
380	449
344	252
215	448
73	181
185	50
126	223
278	425
120	334
357	431
345	232
65	84
299	419
430	410
179	78
238	69
435	434
453	427
169	167
438	58
179	74
304	88
429	110
343	177
367	433
454	84
65	416
95	67
419	328
125	289
368	153
60	186
450	247
358	91
449	403
425	351
68	263
171	154
44	145
62	425
426	405
224	179
428	367
120	228
48	439
135	286
50	90
421	288
356	191
282	230
275	318
224	280
38	179
435	143
260	446
69	74
285	242
262	429
370	85
172	49
361	315
447	137
218	315
454	410
270	430
192	155
429	56
434	267
54	184
348	344
430	107
327	330
56	155
123	402
133	235
441	170
220	85
400	430
446	137
198	173
144	136
72	433
454	205
435	163
305	340
50	85
394	405
350	64
137	246
50	219
363	198
435	287
437	263
126	295
135	417
250	57
356	296
453	58
418	225
368	80
270	149
443	211
124	154
291	251
224	246
159	139
368	416
361	446
379	319
116	222
432	148
300	318
184	414
42	329
267	71
167	439
195	274
201	304
124	320
450	103
438	188
185	84
356	52
274	146
312	348
145	231
442	105
246	359
162	148
182	151
144	225
379	208
40	369
215	138
122	300
276	435
370	432
261	73
172	424
237	352
455	410
192	165
455	286
195	239
446	220
65	434
58	287
177	72
345	279
68	235
74	75
415	433
351	412
436	111
418	279
261	424
149	399
146	361
218	174
343	248
175	405
299	222
127	436
243	326
43	328
177	50
366	423
123	166
253	72
455	168
114	140
453	217
46	57
336	449
316	409
426	420
257	344
220	437
208	140
264	144
434	388
132	242
193	58
454	332
301	334
116	432
305	427
419	156
234	63
430	236
379	300
116	224
227	262
73	395
344	91
225	172
225	225
197	155
265	441
419	228
347	48
74	338
345	132
127	263
236	70
404	423
175	78
431	86
284	157
430	441
162	413
122	233
114	219
420	184
189	63
445	154
225	342
325	81
422	215
135	231
346	286
260	333
224	428
121	429
436	369
433	426
428	239
355	137
412	434
348	122
184	88
355	204
114	191
330	410
371	176
52	420
434	145
271	143
53	60
444	435
118	268
271	200
58	447
273	196
454	181
201	280
430	222
250	327
270	195
115	310
363	241
128	173
46	389
300	355
194	232
431	263
226	435
119	89
444	343
248	65
215	270
212	65
312	421
157	429
282	411
48	449
43	279
127	64
449	338
142	413
296	337
52	192
202	433
424	425
346	110
45	264
214	348
320	326
115	376
343	217
123	363
194	357
422	106
446	116
234	338
170	54
38	171
211	81
42	221
224	241
71	228
220	406
238	179
283	192
75	294
209	252
190	352
194	431
72	257
188	154
119	206
213	257
64	240
346	251
272	344
139	151
51	300
123	419
424	431
363	50
56	267
124	394
372	268
296	335
424	138
439	355
344	54
38	390
329	339
421	112
430	183
174	81
200	77
369	320
59	111
75	422
147	399
202	56
43	276
200	278
272	329
352	290
449	175
119	225
208	165
294	334
43	437
72	233
60	121
359	239
144	209
326	324
415	417
128	300
39	365
278	223
454	120
421	188
66	301
52	98
312	54
139	196
310	323
432	273
281	155
116	295
331	75
75	418
127	83
443	176
367	150
303	357
49	180
264	420
270	430
259	68
261	333
241	417
68	234
423	233
114	430
363	414
192	418
194	306
424	406
396	445
195	229
53	208
48	53
409	417
364	87
204	246
352	204
421	438
67	319
241	440
193	239
114	358
66	424
360	433
267	421
220	147
448	423
171	58
422	114
297	354
120	190
347	215
304	332
424	110
355	252
213	232
440	174
219	139
324	56
223	157
437	133
347	149
181	70
140	283
312	68
285	146
312	57
426	379
442	288
344	67
379	194
346	156
122	309
439	379
154	174
371	334
311	60
273	213
422	100
353	249
437	368
366	188
66	89
259	335
337	322
164	63
214	410
119	350
166	140
224	269
94	85
274	141
299	324
244	341
109	59
242	166
352	136
188	157
149	174
58	392
278	199
161	407
376	291
338	63
139	45
130	374
364	294
434	72
136	438
421	235
42	148
43	435
379	439
82	64
187	74
200	246
147	377
429	373
278	165
436	373
381	443
64	423
428	353
337	352
128	171
290	199
252	155
279	174
141	365
428	87
451	80
123	77
69	126
435	293
69	80
185	448
279	447
334	65
222	331
414	431
360	161
262	417
370	335
148	250
214	268
281	439
120	55
282	433
216	50
303	171
353	85
209	422
214	426
432	272
126	350
193	328
296	420
134	242
446	309
348	136
41	52
187	76
184	449
198	296
60	153
53	99
350	259
212	146
445	152
442	424
328	55
191	280
74	107
198	139
202	318
201	322
361	266
79	64
210	259
62	149
131	160
411	420
435	348
308	334
61	447
174	82
270	155
182	64
253	53
344	119
147	405
139	332
425	77
225	304
387	438
176	165
370	318
129	376
422	420
215	257
201	139
47	55
211	432
305	321
285	351
187	152
61	241
340	56
337	86
365	281
205	235
415	428
419	183
237	324
212	177
67	260
346	131
127	183
215	405
430	138
393	427
147	190
95	77
440	424
114	263
350	280
223	239
150	322
420	52
131	318
212	139
39	376
292	205
144	322
422	427
444	358
220	292
323	353
161	88
217	233
343	113
451	150
343	170
321	47
217	418
357	193
134	182
116	342
56	235
134	135
114	299
115	141
363	224
131	194
299	254
363	65
310	447
238	424
228	347
266	447
239	66
210	156
63	127
75	354
140	359
358	174
223	75
66	280
180	419
370	151
129	395
315	409
315	444
216	311
218	422
315	413
115	164
39	86
331	339
215	71
342	60
357	160
346	237
283	222
342	66
51	362
238	427
240	323
243	156
42	294
131	357
279	438
250	56
425	282
354	103
447	149
328	341
436	81
74	316
365	275
68	164
439	99
61	273
344	185
231	141
313	72
122	196
244	324
301	46
406	441
144	145
165	416
343	326
356	194
226	256
134	166
352	47
252	415
361	446
42	353
285	149
278	246
447	325
452	292
236	337
165	153
412	416
431	170
117	89
145	212
297	193
349	444
246	316
272	160
452	218
40	274
439	200
301	171
451	342
147	71
115	347
119	250
60	401
248	150
344	119
429	169
376	83
161	63
116	371
294	252
330	332
244	332
356	182
289	171
127	217
331	359
138	162
241	359
357	125
56	159
294	89
142	389
270	316
234	47
352	97
128	286
313	62
283	241
233	171
166	61
338	73
125	233
205	74
423	187
200	237
450	335
133	236
289	437
428	63
279	446
402	433
239	147
352	201
378	217
200	347
163	140
296	78
160	169
366	232
125	430
335	78
449	100
60	431
373	179
191	437
51	194
210	445
124	278
41	319
114	175
367	427
101	67
345	324
140	302
162	173
428	217
451	183
339	356
124	376
420	99
273	71
242	414
46	157
210	279
45	326
67	96
362	437
51	72
64	177
131	279
150	225
287	160
446	72
253	426
199	277
346	172
64	192
320	421
378	212
422	75
276	345
150	389
242	428
223	273
121	138
430	297
46	273
273	229
340	337
333	317
146	261
434	196
143	276
39	179
439	176
294	57
209	406
446	142
164	86
209	307
52	119
180	178
376	432
367	223
335	336
359	297
328	88
445	163
454	122
141	365
418	331
52	269
124	150
117	186
175	428
228	443
436	446
343	83
401	442
152	51
434	174
148	384
442	178
67	297
125	80
141	67
130	314
189	149
270	153
433	261
217	231
290	169
123	274
173	428
53	160
200	283
129	239
227	171
379	310
319	405
239	138
59	96
294	211
425	111
128	250
419	237
127	436
218	151
135	163
63	244
148	251
345	424
455	338
159	406
432	143
61	374
76	77
350	431
396	423
308	71
65	196
368	338
80	84
55	321
193	145
211	323
84	68
136	263
427	207
290	324
371	243
215	266
155	162
250	64
454	173
340	446
209	347
146	203
46	370
342	120
353	218
184	77
40	231
219	245
164	446
288	322
301	197
367	108
297	196
262	316
363	410
267	151
156	80
85	50
444	182
356	313
141	358
193	139
246	142
182	51
142	135
69	255
351	126
147	315
193	144
282	55
355	300
237	73
74	422
377	324
65	75
353	209
351	73
377	282
310	333
298	443
265	413
55	432
432	355
59	421
284	249
301	51
423	380
310	84
367	100
148	72
205	423
140	194
454	430
97	76
54	296
39	250
115	334
68	287
271	77
445	100
424	142
138	282
45	192
447	46
215	160
341	321
216	177
211	423
419	291
352	262
455	284
219	307
273	252
216	161
276	160
229	70
188	163
221	292
77	58
125	380
195	350
164	429
451	390
419	291
334	51
439	330
429	220
427	65
180	58
63	178
130	352
343	120
197	448
452	193
192	448
381	423
434	328
51	200
455	367
311	356
49	254
289	249
289	184
166	72
118	299
329	336
420	320
199	344
148	150
160	408
117	257
433	173
441	242
227	422
263	338
451	49
371	118
69	97
178	449
141	52
141	409
291	440
324	441
291	259
319	431
128	299
74	423
215	448
140	247
367	300
436	50
201	359
62	295
266	160
201	252
226	285
354	405
222	303
228	80
314	60
366	330
380	432
142	204
39	271
222	236
319	330
38	234
138	447
326	446
136	414
344	208
435	73
120	52
404	424
141	255
445	203
219	313
357	190
132	449
361	184
51	93
177	51
121	76
278	62
415	432
363	165
133	139
427	232
435	368
120	183
40	142
309	333
238	422
247	136
114	207
374	177
366	204
56	193
386	447
367	290
423	321
351	173
125	352
270	139
373	78
69	340
296	409
193	326
445	248
209	350
59	110
364	353
451	101
234	160
452	169
369	241
373	231
451	426
206	144
268	252
193	446
46	443
49	328
256	446
147	254
232	334
213	307
234	436
445	155
355	223
266	326
331	316
441	109
348	285
73	288
114	223
218	411
263	446
301	328
39	153
123	148
319	56
43	171
443	80
331	414
440	263
63	95
454	191
138	436
358	334
54	139
372	227
420	238
190	348
352	405
200	256
428	56
79	46
131	216
424	271
369	284
275	338
116	342
330	54
376	163
450	125
274	347
168	48
376	109
122	163
448	312
127	344
149	358
364	200
351	245
214	266
151	261
124	57
377	265
302	64
123	158
315	427
154	447
134	255
147	348
297	436
226	252
371	276
219	48
361	113
49	431
344	262
241	140
407	411
360	421
50	369
123	204
275	236
368	174
349	188
283	318
428	301
343	287
430	194
365	107
336	411
203	295
60	137
424	82
438	304
215	227
207	245
57	418
425	447
115	341
116	335
431	116
432	449
59	253
192	231
128	310
291	436
367	165
441	143
267	189
41	366
369	135
326	82
121	236
355	274
339	317
361	344
376	184
58	308
263	413
360	356
455	102
431	182
145	305
223	57
56	144
366	203
71	230
453	295
369	99
139	412
180	161
168	162
60	430
424	80
419	183
65	283
114	339
173	53
116	55
448	61
60	193
41	364
101	66
301	198
179	441
423	119
436	310
302	421
370	234
245	428
271	351
421	139
326	316
442	66
146	449
434	347
347	211
119	85
274	150
56	193
280	48
60	276
332	328
215	137
387	441
196	436
54	254
170	430
44	206
293	71
277	213
225	422
349	251
227	62
269	263
112	52
292	88
440	94
424	343
148	89
276	338
293	55
304	432
312	75
233	139
350	85
433	431
208	297
72	118
246	154
422	312
312	334
203	447
110	80
255	424
173	58
178	135
212	165
368	333
221	169
372	187
198	346
240	431
373	202
219	151
61	84
342	239
357	124
209	426
420	252
209	309
73	380
443	410
65	179
225	273
151	319
70	57
118	309
363	350
354	67
44	49
218	419
219	161
105	55
344	125
249	171
285	436
265	431
349	259
352	58
333	343
373	306
432	357
38	415
191	324
280	188
128	72
109	84
370	284
47	408
302	60
75	299
135	140
446	252
200	283
282	323
377	194
454	177
49	334
144	198
42	418
173	83
147	57
145	443
220	150
343	123
303	205
413	436
58	122
199	50
397	417
143	361
67	222
159	169
86	66
169	157
133	239
425	330
228	316
131	334
185	89
154	419
207	66
136	393
371	281
276	143
350	435
353	343
137	81
375	447
200	336
282	143
427	53
128	439
40	401
369	333
374	294
427	297
173	422
448	175
435	106
147	168
299	417
198	317
441	254
219	243
201	169
270	159
356	152
216	158
365	57
221	169
327	438
67	282
55	161
117	415
52	243
296	182
196	442
401	439
315	330
292	221
41	336
123	152
67	318
122	180
433	333
118	66
440	55
312	444
271	48
262	66
261	408
245	166
425	320
348	359
214	241
299	181
177	50
219	64
138	425
87	79
126	149
429	179
280	329
209	307
154	148
418	247
181	136
67	163
245	45
448	57
55	101
292	56
116	412
236	164
200	423
63	193
43	431
348	90
223	432
224	57
241	355
423	77
63	431
70	214
378	236
251	416
409	441
356	329
149	366
371	173
433	51
39	240
115	238
139	47
214	354
295	265
340	68
299	147
125	369
279	343
356	191
61	441
428	314
191	249
234	73
225	144
66	146
56	126
119	328
214	409
127	175
45	208
322	70
426	100
158	449
252	431
211	260
439	103
218	314
442	434
209	318
363	357
197	353
421	361
341	333
67	184
265	154
446	60
403	407
265	330
427	100
370	90
143	384
219	320
291	77
358	241
345	323
184	147
164	47
423	357
282	356
426	211
148	284
70	110
360	200
39	320
337	349
337	324
283	203
57	154
138	158
341	432
157	60
170	147
52	153
379	63
75	96
436	258
133	429
235	421
62	383
245	330
229	64
199	52
144	199
238	55
352	332
347	289
357	250
140	177
436	308
429	287
364	188
266	219
262	156
377	224
335	412
357	163
51	241
71	270
136	313
283	340
60	57
158	164
298	333
180	419
446	119
219	69
134	439
263	89
353	277
419	136
132	243
68	267
297	238
342	243
230	352
345	273
265	449
270	225
192	65
344	84
423	164
140	286
148	327
133	314
312	350
197	238
187	415
268	170
237	173
134	434
343	174
75	160
146	323
48	323
226	260
450	398
438	343
247	175
127	179
377	318
319	357
373	226
431	293
202	417
195	77
219	299
263	358
447	188
97	87
214	243
42	182
168	168
205	47
243	50
314	55
98	65
294	243
377	80
134	273
451	286
367	84
443	250
116	306
213	156
347	106
373	78
360	288
419	265
327	348
38	203
44	179
445	78
370	429
338	351
278	159
383	426
300	434
452	154
229	436
133	84
208	85
183	46
217	274
277	154
159	410
39	213
64	199
67	293
270	188
229	80
444	332
394	420
187	444
447	198
45	228
361	59
381	428
118	249
257	138
347	439
374	418
414	418
444	298
70	303
254	418
46	218
373	268
454	161
443	354
142	46
348	227
244	150
119	78
218	239
163	45
135	86
56	431
93	53
454	69
302	419
292	268
46	247
213	336
129	143
161	68
377	358
65	308
90	88
221	427
67	231
426	199
212	330
371	55
67	439
149	174
359	426
51	279
42	99
47	51
115	168
271	140
44	314
126	226
192	421
427	303
211	55
40	150
314	413
359	188
63	157
126	293
310	419
215	143
133	370
232	320
120	77
227	63
38	416
204	166
286	147
210	50
289	337
361	354
294	343
441	236
446	176
249	430
367	139
367	275
212	56
376	123
198	291
224	150
52	308
266	70
193	46
52	185
116	438
257	66
283	193
345	239
224	64
73	317
362	263
216	254
273	216
418	203
209	412
452	270
231	170
317	46
165	429
422	423
258	321
150	314
357	346
204	311
352	197
71	420
240	433
431	45
366	264
194	239
344	290
281	331
38	361
68	399
209	78
268	257
430	353
288	157
357	359
114	356
74	318
224	272
68	45
129	68
252	414
342	430
197	282
225	357
270	187
432	144
337	50
306	442
346	306
227	358
137	162
50	105
454	216
212	443
452	425
276	172
72	255
445	100
185	144
424	344
430	93
273	88
214	340
446	48
445	208
360	426
378	417
58	207
376	135
159	431
182	166
133	391
66	428
142	418
301	448
336	420
338	46
274	71
65	332
196	88
246	88
421	295
66	261
60	214
381	426
429	194
333	49
38	239
440	113
329	435
423	64
125	198
454	51
254	422
185	166
86	66
343	250
210	265
238	153
302	49
454	158
316	354
199	406
455	194
51	185
455	437
194	359
136	384
429	180
166	447
425	83
209	419
115	179
72	275
141	301
161	439
140	283
69	50
250	142
371	414
64	379
151	369
344	280
50	87
287	436
40	282
52	195
285	436
232	142
218	54
446	96
419	307
322	50
366	438
453	175
321	69
157	140
122	350
45	179
206	275
249	49
191	140
407	433
142	201
454	240
326	349
328	423
352	331
374	308
116	84
230	429
126	343
200	427
184	413
394	443
39	51
226	289
73	256
264	164
353	158
434	357
115	221
422	137
111	83
208	149
212	141
226	171
342	119
96	45
57	250
193	349
217	319
347	282
427	403
359	227
251	64
266	181
125	186
286	357
350	253
276	444
338	430
295	177
133	440
122	59
157	441
442	290
372	197
434	249
175	138
97	51
285	439
232	62
241	437
74	329
45	175
274	257
355	448
49	139
192	328
268	432
433	174
454	212
294	235
362	102
53	155
388	432
143	145
417	421
275	230
130	378
445	153
253	350
440	318
137	249
367	310
40	112
340	411
53	197
342	74
313	320
198	272
328	317
284	434
120	62
50	177
124	164
38	131
343	411
145	371
217	318
252	47
298	55
353	265
44	433
143	267
400	438
70	50
95	49
141	171
292	405
327	354
439	164
396	420
428	79
387	444
303	317
137	196
275	154
404	429
147	155
151	76
288	357
261	65
148	59
371	408
187	175
374	277
247	337
70	116
133	326
445	152
294	218
297	188
435	141
266	327
135	392
133	183
212	69
224	302
153	45
423	360
377	186
74	278
421	317
240	321
136	212
355	314
367	264
61	96
434	287
146	191
222	70
253	81
433	374
280	162
56	111
297	159
141	256
117	58
138	64
198	327
449	287
258	83
423	359
357	306
372	143
170	59
335	84
61	102
213	419
420	271
240	58
281	412
223	449
377	91
445	431
416	410
52	259
312	415
292	430
219	157
423	307
154	417
104	74
273	158
301	65
342	176
227	317
317	88
151	298
447	115
63	446
257	412
51	287
445	445
200	349
150	47
364	170
145	203
130	275
443	101
448	421
317	414
438	320
354	290
63	383
72	62
297	52
279	174
377	266
147	298
98	73
175	172
336	354
46	337
452	260
41	212
235	347
96	69
196	358
136	274
50	353
363	54
46	369
437	116
365	138
145	441
348	152
451	300
368	181
368	238
356	332
275	208
375	75
423	134
65	369
314	87
50	69
47	417
334	53
139	334
360	445
404	415
257	425
184	177
107	55
57	94
356	295
428	404
368	340
326	427
62	111
418	352
193	160
450	174
57	160
129	392
164	74
425	273
280	347
154	171
115	53
371	87
137	296
349	83
131	192
342	110
116	183
124	432
367	260
215	228
57	422
138	286
40	59
154	178
432	339
441	332
260	141
294	185
290	213
372	231
367	285
199	176
225	50
234	316
38	348
217	352
132	301
425	339
221	428
349	276
208	316
128	409
212	241
247	88
130	215
435	196
186	175
302	177
443	396
65	211
145	251
293	231
117	399
449	291
434	50
442	131
38	404
290	141
63	170
137	377
218	408
126	411
161	68
144	251
290	46
451	202
198	422
273	266
353	333
56	395
138	327
301	411
439	322
375	176
136	63
124	385
46	438
179	408
40	346
70	230
430	179
188	60
447	289
291	159
116	333
51	288
282	51
356	307
44	233
75	116
340	78
53	117
137	158
435	92
420	370
147	212
42	110
176	414
57	126
442	97
262	342
376	247
358	45
49	317
39	396
256	445
350	273
360	284
435	165
214	137
250	62
41	291
220	169
95	67
158	50
65	274
99	50
145	78
162	138
116	393
95	81
139	299
134	441
73	259
449	340
133	290
194	264
443	449
266	160
427	80
62	103
60	197
115	249
337	72
39	216
454	313
67	323
75	216
237	337
164	414
223	326
238	160
353	341
138	178
38	419
121	310
167	172
311	80
420	410
326	54
287	208
156	179
291	229
266	413
366	185
213	436
275	173
59	359
295	53
367	305
133	381
252	55
351	445
252	408
205	48
349	172
301	159
451	305
433	220
188	69
308	84
434	447
422	398
361	94
452	243
347	128
147	294
215	248
419	397
124	59
447	125
342	147
229	83
441	155
349	325
220	299
178	152
342	135
430	141
61	413
421	330
428	216
131	431
46	176
368	119
291	168
188	429
199	81
258	174
449	359
452	87
57	425
425	330
377	419
426	139
346	314
74	280
204	445
156	446
48	55
126	179
444	304
346	220
47	399
75	126
438	269
292	410
374	277
312	426
53	55
203	330
157	71
128	66
344	306
378	136
38	306
127	83
433	189
145	162
198	336
129	429
238	438
54	140
38	441
355	53
445	276
146	69
444	405
266	85
454	306
354	77
152	426
267	177
40	262
371	239
274	196
444	115
121	367
354	62
75	289
262	415
408	410
191	312
147	180
418	198
378	295
418	249
361	359
227	78
192	149
301	159
370	303
445	175
63	100
392	433
376	77
293	326
192	47
51	350
123	63
343	177
162	83
437	332
295	162
444	279
303	409
50	304
291	175
273	53
271	234
95	70
303	333
229	155
411	418
323	433
441	364
436	205
452	416
444	110
208	418
172	418
90	87
434	340
136	60
391	433
98	58
324	449
359	48
142	437
279	84
49	297
289	227
118	368
218	347
440	369
266	316
368	82
145	426
305	445
177	83
428	100
418	326
451	70
115	305
425	373
364	233
49	145
141	328
333	323
136	267
164	448
118	426
271	335
447	320
301	341
372	315
227	82
249	416
43	132
136	446
50	307
41	320
48	385
356	309
132	435
424	169
432	145
200	314
269	446
56	98
184	165
430	388
444	378
72	215
206	64
425	46
43	394
301	181
64	302
430	168
145	261
287	196
226	304
434	187
273	60
147	65
125	233
151	261
327	326
338	356
123	227
161	446
289	418
123	436
446	77
153	433
211	343
436	153
367	334
435	374
50	81
437	437
142	305
60	255
255	333
372	287
39	193
353	203
75	295
60	377
56	78
394	439
244	359
176	88
160	77
151	344
416	405
123	355
58	77
68	128
163	173
103	49
302	410
293	190
286	340
449	311
282	164
52	349
207	85
366	74
139	49
74	250
431	190
167	52
237	164
136	257
70	364
433	164
120	342
116	267
438	274
425	389
441	364
204	328
45	234
354	412
126	313
214	153
426	372
354	72
72	85
375	97
444	157
96	46
370	139
434	157
377	430
135	78
63	121
38	438
252	155
376	143
287	203
46	332
40	441
204	351
200	332
73	150
449	220
346	244
66	344
355	179
228	79
145	315
246	80
218	262
341	411
329	444
46	233
374	321
427	303
216	410
91	58
257	80
140	183
366	329
420	369
336	324
147	161
302	239
119	425
237	329
378	101
46	289
248	356
436	321
102	81
266	263
231	411
206	343
187	65
425	376
396	412
450	415
378	297
441	157
196	269
200	244
355	408
167	150
122	232
74	272
345	194
246	446
434	338
353	412
428	436
427	314
120	238
182	410
195	251
63	346
419	295
126	336
141	241
376	445
67	387
451	303
70	321
246	72
139	253
41	285
127	382
359	202
192	154
296	199
315	406
211	152
271	429
377	275
55	345
47	229
220	160
375	237
299	212
122	401
64	142
43	173
136	417
52	353
345	61
447	144
342	245
380	440
230	168
367	94
195	55
252	358
453	149
60	77
133	249
372	347
47	406
158	47
193	317
109	57
315	65
43	77
299	442
377	354
420	250
370	60
116	173
128	238
436	86
189	163
66	421
329	341
129	426
58	151
245	326
283	319
273	248
217	71
123	259
443	123
115	358
56	66
194	60
139	436
256	88
247	164
205	141
136	390
344	406
255	166
374	169
213	351
253	154
451	114
345	343
357	217
297	147
309	447
70	92
128	189
196	89
431	208
290	68
43	180
442	129
131	282
144	75
67	185
54	133
420	399
437	122
182	57
138	89
256	336
152	177
423	316
73	161
184	80
134	322
407	441
361	228
82	62
277	159
127	372
140	290
250	331
137	327
338	408
344	323
52	363
115	256
236	316
215	283
454	434
443	298
454	198
41	226
145	166
329	60
245	71
247	66
295	437
444	421
88	70
430	52
274	153
230	418
73	368
203	330
204	262
42	358
61	51
48	91
316	331
63	161
445	213
242	339
429	266
297	439
58	253
140	381
238	437
117	218
290	266
54	217
246	427
280	268
271	79
71	447
422	171
355	293
251	352
215	444
454	298
301	263
436	413
441	377
373	225
363	442
56	373
201	409
435	406
137	142
434	127
419	222
133	327
202	61
308	448
149	264
212	436
192	235
134	423
141	72
354	182
262	58
62	189
365	145
312	317
331	334
205	304
260	336
270	84
366	114
63	335
46	133
55	266
205	420
210	239
211	424
50	381
255	353
118	375
429	224
66	301
269	146
219	301
347	52
343	77
454	409
289	170
326	51
147	248
275	55
379	227
128	279
294	157
75	114
433	91
429	265
117	285
145	439
435	137
379	180
306	327
288	87
302	320
116	343
74	230
371	349
261	331
207	283
345	273
441	420
356	101
261	154
449	117
220	238
131	180
294	71
372	358
293	63
204	427
382	425
382	425
412	421
274	318
325	54
194	71
424	159
123	317
226	75
43	211
428	353
49	115
223	422
333	447
50	389
219	253
320	51
419	155
62	409
126	205
452	232
50	439
425	180
217	243
65	409
205	405
192	266
446	116
381	417
201	271
367	235
114	338
64	277
48	184
269	183
71	55
278	144
116	153
276	142
230	156
431	251
46	326
60	60
45	150
150	409
55	180
233	71
123	422
268	258
139	390
128	390
138	363
224	237
202	233
414	436
134	324
118	341
52	389
202	427
361	274
69	418
334	84
64	174
52	429
283	143
193	444
275	208
190	232
68	276
48	234
199	283
447	61
55	218
296	168
379	247
431	103
281	440
162	73
187	62
418	126
57	432
191	273
270	406
124	55
246	145
199	443
126	310
49	134
172	174
363	100
435	124
454	116
279	439
292	358
204	428
62	159
366	153
446	348
431	155
399	415
428	232
140	411
131	406
275	412
65	413
345	109
274	424
435	70
64	308
57	147
67	333
211	284
331	82
318	441
305	437
131	314
430	244
255	340
38	253
115	325
325	59
276	353
436	244
58	421
162	140
122	404
49	352
57	61
122	290
295	188
42	439
221	75
366	75
41	420
49	92
163	155
137	332
60	283
149	416
224	264
276	199
452	357
69	47
317	423
144	305
312	424
148	156
57	209
449	134
47	322
222	292
149	400
265	440
56	361
427	56
450	357
265	439
284	178
54	396
139	290
200	255
145	238
419	236
445	132
221	445
369	421
72	202
344	315
319	318
440	118
382	445
366	97
167	165
347	354
284	326
450	400
387	442
261	74
297	212
127	181
47	70
129	382
353	316
357	412
46	275
192	259
63	418
234	158
274	173
320	332
270	316
61	301
443	104
68	189
147	189
176	152
373	194
128	341
202	166
133	408
40	390
117	76
247	174
44	211
283	180
289	246
365	283
373	209
452	407
308	67
354	279
45	155
202	346
132	249
427	373
236	55
341	350
47	261
74	194
149	196
180	422
56	81
296	268
62	82
455	139
268	171
389	441
341	319
446	435
363	190
180	163
48	176
445	84
420	76
312	64
61	90
120	136
441	65
128	259
119	148
311	330
195	245
365	176
68	292
413	421
51	87
223	77
302	70
423	438
322	332
316	341
368	258
437	336
345	298
283	164
346	167
67	394
350	75
134	210
296	448
346	182
344	238
345	233
373	204
342	224
253	408
317	444
433	251
435	418
438	229
188	174
210	334
200	265
372	51
420	195
285	161
449	163
138	208
372	51
64	371
259	161
206	271
141	444
120	267
185	178
255	47
420	71
302	55
152	415
66	185
117	164
293	322
440	238
215	445
146	180
364	79
376	171
79	88
215	145
223	61
237	72
244	137
65	133
371	264
435	345
343	45
344	167
418	360
244	78
304	84
441	187
225	165
297	320
158	432
226	166
209	430
196	55
265	422
122	220
355	93
293	215
425	439
136	402
346	123
217	431
344	358
345	194
444	292
447	390
200	173
433	319
123	260
256	425
71	188
290	417
39	329
325	418
365	112
114	176
226	146
374	329
144	332
170	439
70	153
165	170
69	262
154	78
40	52
56	325
347	111
433	77
148	140
75	154
210	321
217	282
57	335
345	153
427	176
296	418
104	58
247	439
234	77
117	78
376	310
219	73
453	118
298	224
174	51
428	143
344	144
98	56
309	421
370	221
150	398
422	50
65	376
141	171
315	345
74	167
43	88
295	218
291	345
300	172
331	440
197	349
368	296
420	160
425	445
65	115
375	216
284	63
183	137
46	428
194	231
145	382
68	173
356	101
57	102
362	426
248	428
159	442
414	428
353	77
367	129
355	170
345	160
453	211
326	417
63	142
47	153
269	190
154	447
345	67
126	70
136	161
419	307
129	83
280	156
350	121
236	447
403	434
40	436
262	321
147	412
222	71
319	440
449	62
428	296
303	357
379	287
43	83
44	124
182	426
345	332
352	239
171	433
368	259
182	423
212	68
158	143
366	94
280	432
256	51
288	53
154	83
274	248
360	92
110	56
41	296
349	252
430	71
134	146
329	346
241	140
348	226
202	344
47	215
393	414
114	220
263	437
353	99
449	110
440	257
383	444
220	264
369	286
123	445
54	275
379	437
357	274
133	398
310	429
57	126
420	339
200	268
399	423
377	315
428	314
375	151
427	295
41	447
151	218
288	153
203	328
369	179
305	406
268	438
64	83
435	195
352	261
342	146
225	169
262	57
448	106
38	368
116	291
216	294
76	85
262	177
334	449
363	266
444	251
454	135
366	145
354	147
150	259
216	342
208	81
49	167
149	241
58	198
344	413
448	310
358	231
352	281
375	286
149	413
131	351
250	436
150	138
198	160
73	360
130	254
244	161
374	129
352	171
138	366
143	81
367	221
361	310
204	81
41	80
62	215
347	212
120	195
367	315
404	426
194	315
362	425
157	47
138	316
191	271
346	213
266	419
251	331
258	430
334	443
348	266
132	259
152	160
144	299
137	346
253	65
200	83
239	175
354	47
62	159
290	263
299	82
303	140
363	275
362	293
378	96
429	85
444	406
426	284
371	214
52	322
447	80
277	235
455	293
128	211
446	407
267	68
192	347
194	435
217	330
383	442
348	77
431	286
124	345
72	217
299	165
129	153
436	311
120	253
447	195
238	449
240	46
275	222
443	114
150	372
313	76
186	54
314	341
64	218
72	437
379	416
435	184
307	335
133	300
431	181
310	449
420	298
134	320
359	410
437	307
66	266
261	156
54	222
213	285
378	259
232	410
134	235
240	64
420	440
150	87
217	265
41	446
448	374
38	134
130	85
194	436
419	248
48	440
147	359
207	74
116	171
298	135
418	405
192	322
102	53
223	293
119	373
293	446
373	223
44	447
170	162
59	67
454	180
371	257
135	48
288	171
214	228
43	437
300	210
140	340
206	46
370	278
58	257
183	160
184	431
166	85
446	243
54	94
248	77
174	425
166	45
368	89
406	421
210	435
358	191
286	165
210	167
399	446
171	445
446	370
158	409
236	330
454	417
67	169
71	312
357	197
64	82
369	163
234	334
126	359
169	165
48	381
255	89
359	76
55	187
125	306
174	72
449	421
213	165
190	335
453	159
442	281
358	61
228	75
350	152
138	281
359	266
209	162
232	46
371	134
207	449
297	226
295	222
51	449
439	186
225	299
440	393
449	56
251	160
207	257
394	443
243	442
339	443
199	277
422	112
65	92
128	135
280	343
158	61
54	378
420	100
180	409
43	276
372	321
225	230
432	47
310	426
454	373
370	59
342	264
361	73
137	272
146	280
277	449
121	432
188	66
349	248
114	199
344	255
153	144
38	139
59	258
144	48
147	203
66	352
186	431
365	309
359	117
133	212
243	432
274	326
324	327
67	49
408	410
427	45
257	428
401	432
374	248
120	418
423	216
323	344
277	138
367	126
126	69
420	110
227	411
63	51
206	301
178	442
55	57
434	211
83	81
308	344
343	435
119	165
362	124
357	59
49	272
40	300
319	448
328	77
203	56
344	199
124	195
436	237
349	295
125	223
173	434
74	359
426	396
421	197
139	319
437	119
193	162
347	357
180	147
379	70
75	130
42	339
159	418
446	66
330	55
57	141
424	150
281	315
280	432
205	64
454	232
349	240
378	444
133	438
449	398
185	84
206	434
366	254
213	238
357	414
282	89
362	209
132	322
352	359
444	377
255	54
158	164
356	208
419	314
420	278
137	434
243	69
217	416
139	414
436	433
420	99
144	191
57	125
421	228
373	177
69	439
375	178
240	169
202	178
39	378
330	338
213	276
134	232
176	58
356	46
206	71
423	127
201	141
140	405
438	225
448	407
266	407
56	284
143	430
128	160
205	336
354	285
124	428
434	83
430	369
423	420
342	121
223	74
290	348
118	179
433	388
304	81
424	82
172	434
216	358
230	449
250	416
150	383
360	95
46	256
451	145
55	197
114	368
99	72
73	277
330	412
301	247
454	339
292	137
130	84
149	353
348	433
148	442
303	140
283	224
277	140
122	257
74	311
379	430
437	224
264	407
367	412
115	81
38	389
133	429
452	256
120	211
426	49
271	345
240	143
361	134
49	359
41	290
239	159
442	152
363	314
432	120
245	429
225	343
363	195
173	45
139	199
318	62
452	442
190	69
190	333
132	298
434	352
152	424
44	252
325	356
354	228
227	157
218	428
186	160
377	320
441	197
447	426
62	122
414	414
283	196
139	350
262	78
286	423
217	288
349	95
138	232
260	135
74	379
79	50
301	261
42	297
211	297
65	177
128	306
253	408
52	402
311	406
408	442
137	433
55	364
451	323
197	262
114	72
158	155
220	316
208	229
350	96
154	81
53	281
62	420
440	311
177	60
56	175
153	411
263	355
361	271
434	198
358	203
360	323
170	449
47	141
449	429
447	353
139	273
360	131
43	80
268	190
434	92
52	431
155	159
366	205
378	47
67	45
250	354
261	347
347	211
354	434
452	114
374	288
422	331
190	45
353	236
45	114
287	413
60	77
364	316
150	313
128	75
432	206
263	51
210	254
114	352
294	219
58	119
267	324
431	189
120	181
444	338
231	346
54	233
222	298
343	275
303	343
418	217
232	175
216	64
137	164
304	53
343	437
193	426
38	106
438	196
317	338
452	163
144	222
345	115
120	316
163	82
147	311
215	342
42	96
356	112
363	117
362	296
209	438
259	339
121	316
378	292
438	442
178	70
197	226
173	413
269	229
403	429
222	442
159	419
329	324
339	326
349	129
334	443
352	217
426	363
147	200
180	74
368	351
319	431
423	409
353	305
425	183
321	63
206	63
62	342
227	250
269	353
379	127
239	337
139	344
243	446
59	162
439	165
442	390
106	78
254	85
204	165
368	357
264	349
133	275
42	130
422	362
374	239
419	193
200	304
75	343
432	280
178	61
46	389
150	302
351	259
295	338
276	356
302	267
158	405
66	135
424	126
252	147
68	128
345	301
268	195
412	431
429	66
53	372
227	279
355	230
346	425
322	332
211	167
133	406
338	425
141	394
72	133
443	132
298	171
245	350
145	205
437	95
213	46
346	445
272	166
345	216
439	99
161	408
207	88
143	139
434	299
55	377
141	215
128	261
374	185
111	55
295	193
378	335
355	232
295	436
420	286
366	147
449	98
366	416
296	248
121	58
142	307
136	137
290	73
38	341
428	115
166	445
186	410
379	185
268	206
376	301
130	383
446	426
322	339
214	145
277	55
275	138
255	432
41	153
437	268
434	328
117	193
254	431
53	419
379	277
116	243
444	152
348	61
290	74
280	56
375	128
76	77
70	144
289	355
323	318
52	261
424	445
290	203
44	178
353	238
448	315
129	172
438	386
175	411
430	418
140	326
47	96
267	411
322	342
143	232
104	74
231	56
297	49
214	275
124	386
192	297
119	360
370	126
64	338
267	440
167	138
133	442
440	87
64	383
453	237
213	349
323	444
115	420
269	154
124	207
377	58
117	239
238	163
363	265
285	219
440	444
262	436
130	336
136	381
253	411
441	126
288	437
76	54
454	218
123	303
235	359
116	344
435	377
45	190
67	131
59	180
445	56
284	181
452	321
293	176
369	153
360	96
215	155
254	168
453	251
42	348
228	172
448	168
208	449
185	69
218	161
438	275
150	254
69	443
55	123
443	89
356	311
368	263
368	318
267	248
211	424
206	409
354	69
149	179
357	132
427	216
422	286
42	258
150	150
196	229
294	407
284	148
426	175
138	253
276	209
424	356
352	139
71	64
241	158
68	288
157	151
46	113
361	179
426	133
348	295
353	166
245	320
54	351
268	353
448	294
60	445
151	214
136	155
283	447
273	256
215	444
68	222
168	166
49	145
61	232
214	443
61	258
452	170
247	150
447	121
348	231
64	358
412	421
75	163
129	46
366	87
173	167
443	124
220	322
125	337
183	420
361	342
165	63
178	78
211	436
345	351
122	294
368	161
140	326
125	260
174	424
437	260
53	424
368	217
43	135
432	71
347	137
61	184
54	190
379	355
426	186
146	358
324	331
205	329
263	86
71	378
92	62
405	410
368	433
54	306
211	227
43	52
127	266
252	444
150	224
373	280
357	249
357	313
422	113
232	146
210	143
50	432
350	325
365	272
57	331
101	77
360	257
127	201
48	388
445	210
361	359
74	388
437	211
436	225
308	50
439	164
351	164
148	207
343	144
133	175
40	325
356	82
39	394
59	177
189	437
310	437
242	49
113	76
238	60
148	184
204	80
118	274
60	74
327	66
306	430
418	237
59	325
130	331
218	424
136	351
40	123
190	422
344	181
68	373
435	334
46	223
134	430
270	77
82	64
145	136
246	84
56	372
60	377
284	205
249	425
222	342
323	50
57	153
39	59
351	176
299	409
261	137
327	359
248	351
226	261
215	169
331	349
74	440
332	80
66	109
129	248
145	220
431	202
357	333
297	437
359	275
326	442
239	45
168	162
219	288
363	355
304	54
49	430
95	86
421	127
307	89
67	161
358	165
239	445
274	444
311	59
421	251
157	59
70	197
435	230
212	246
212	155
419	188
48	127
434	251
356	72
60	181
158	157
158	135
419	317
241	345
291	261
349	190
273	204
347	74
204	158
131	315
421	286
401	429
445	289
443	318
246	425
68	293
279	170
61	205
125	305
234	440
313	75
203	316
118	68
141	244
122	312
146	251
343	253
378	168
127	158
312	85
136	448
129	67
435	113
432	366
301	206
148	164
51	72
114	264
72	151
340	327
42	307
455	405
179	64
213	84
422	57
413	430
352	304
431	289
420	370
438	276
206	48
54	217
118	208
50	138
47	449
419	198
140	62
362	103
211	305
165	79
357	196
285	347
364	405
67	287
150	192
362	413
64	347
152	412
290	340
125	404
138	220
62	408
302	204
221	443
132	242
303	233
455	418
117	139
194	298
454	152
189	178
357	291
232	69
379	192
376	235
421	99
148	267
131	312
232	329
303	222
445	307
117	60
115	283
126	85
372	50
52	169
362	185
447	149
75	223
192	164
436	403
188	86
441	139
120	316
360	427
433	282
246	411
150	430
191	280
363	356
450	376
446	292
117	435
300	75
424	252
303	83
448	350
196	264
343	265
64	348
442	347
284	222
373	437
206	357
69	140
215	281
57	253
114	168
432	331
56	427
342	111
249	69
439	133
135	334
145	194
447	420
247	46
206	250
428	63
51	202
283	70
47	251
442	133
361	59
69	210
297	147
182	170
119	73
47	419
239	414
49	275
401	431
143	81
49	211
74	413
102	53
429	209
249	47
60	431
75	370
165	444
360	333
44	373
203	89
159	439
261	87
326	67
374	444
427	266
206	421
427	400
77	61
443	141
373	448
129	342
446	330
52	95
121	163
41	421
52	428
243	344
290	82
234	428
159	427
201	432
258	179
343	164
276	49
347	170
322	345
251	179
371	448
364	265
216	426
151	153
291	168
160	146
210	139
280	431
65	234
370	335
296	424
436	274
315	319
227	45
135	74
434	290
148	434
442	289
432	387
242	325
446	121
444	105
41	318
358	78
368	145
202	308
422	379
353	115
376	285
137	86
344	341
159	409
339	81
171	56
303	193
358	336
450	331
435	297
228	156
117	55
225	67
445	176
147	403
65	270
336	58
450	153
443	114
435	206
146	256
38	362
54	435
125	188
400	424
372	414
69	281
41	67
377	181
284	440
147	58
412	440
342	88
129	438
116	202
357	98
192	232
107	69
121	280
125	68
343	118
419	151
190	160
350	215
216	87
198	234
239	353
293	419
68	287
347	97
147	250
444	377
137	73
71	379
39	91
180	418
445	413
451	127
202	331
232	139
438	200
64	75
234	71
443	288
285	50
361	48
432	83
331	59
355	447
74	261
131	52
299	180
426	234
242	73
369	139
365	68
282	61
347	304
366	246
253	437
345	48
181	142
85	83
431	355
433	69
222	144
389	407
46	292
62	220
336	427
353	90
376	282
50	212
334	412
450	237
139	209
409	419
55	365
441	382
418	250
44	287
216	152
69	213
40	276
437	300
119	75
142	338
48	223
149	403
130	257
434	159
229	429
117	234
439	236
307	446
352	80
185	52
70	345
219	52
435	74
182	155
194	150
43	287
441	106
446	320
69	143
343	443
269	144
448	391
375	127
255	343
145	330
448	154
114	224
191	341
318	64
366	68
207	249
151	392
132	257
430	292
71	100
118	147
439	299
277	166
354	99
53	64
261	143
442	442
217	248
434	76
122	72
347	118
284	254
363	308
189	426
448	299
384	445
451	185
275	160
332	436
345	300
452	403
151	138
144	418
277	135
443	90
363	290
70	439
288	188
374	184
160	421
215	160
116	373
134	82
174	425
368	256
423	321
166	83
202	225
72	157
113	79
222	48
432	209
53	182
318	67
432	332
51	53
303	411
304	449
136	235
127	265
60	311
235	427
445	192
52	185
195	409
443	52
357	80
162	175
448	337
405	431
70	304
252	77
440	277
171	156
287	176
244	60
371	100
424	448
43	205
455	384
138	191
256	46
168	156
202	326
67	295
422	302
176	432
143	241
446	238
212	147
216	359
366	449
43	144
122	170
138	87
75	396
114	406
98	61
62	194
302	356
300	443
140	286
197	272
423	231
194	73
351	143
418	81
242	57
242	172
312	417
374	101
116	364
216	356
420	134
133	60
130	442
447	120
369	264
39	81
214	141
451	237
451	240
362	286
144	289
234	405
63	362
138	45
274	267
135	202
295	255
314	84
121	296
412	417
375	155
262	329
429	154
421	161
48	407
218	332
56	253
132	385
308	64
114	376
