221	362
151	175
452	236
328	348
222	184
329	271
204	308
326	259
450	141
103	140
455	232
56	292
207	230
49	340
93	366
102	131
411	160
253	317
193	134
327	171
343	262
109	209
34	260
463	276
130	161
107	324
458	263
328	308
98	127
437	198
53	167
343	190
452	194
317	357
461	277
321	161
333	227
108	240
456	169
463	215
33	144
448	194
276	323
224	323
453	358
240	354
343	166
458	319
210	349
460	352
210	155
34	333
141	154
108	324
42	218
335	359
253	361
110	274
332	293
218	136
137	184
463	196
218	153
82	320
77	352
206	257
298	319
322	331
225	201
214	331
205	221
235	325
337	322
346	157
93	269
453	163
189	132
94	303
59	338
289	357
56	324
234	314
320	308
41	254
343	276
339	263
344	244
47	219
318	326
109	183
407	162
63	336
43	196
48	349
308	318
335	369
115	212
72	338
107	154
290	355
324	367
452	310
334	137
440	345
445	195
331	194
225	137
35	218
226	192
256	361
462	243
221	242
436	308
81	366
299	312
33	131
335	285
225	127
103	221
329	224
112	328
210	318
449	322
51	290
458	356
461	133
150	127
345	352
76	336
108	252
206	205
217	129
72	314
177	184
212	267
213	210
90	242
461	258
437	305
57	171
207	124
40	315
154	181
437	141
317	369
222	264
344	343
325	289
261	342
273	352
203	369
82	314
102	175
457	295
112	129
428	178
106	268
427	182
211	152
325	344
336	250
439	254
438	143
459	323
218	212
331	311
96	175
32	365
430	185
339	190
215	155
179	142
214	285
227	164
294	317
438	342
30	344
189	131
347	310
413	166
461	227
243	366
46	194
182	127
283	320
319	214
449	365
446	251
187	139
219	319
329	293
226	218
203	311
212	283
42	310
218	349
34	150
144	164
35	350
440	313
337	142
452	155
462	333
252	323
100	299
451	350
108	309
239	353
223	255
112	194
225	142
285	346
33	213
336	186
210	361
156	133
455	261
222	137
30	193
56	256
328	359
444	141
458	245
284	335
215	260
175	174
38	311
93	309
224	186
230	146
175	155
46	348
318	365
324	344
216	289
336	250
107	172
207	351
226	370
64	368
326	204
190	169
230	334
36	276
206	277
214	224
452	248
154	175
429	185
210	204
346	205
111	361
115	182
97	371
83	358
33	257
49	130
110	131
214	279
202	175
308	335
438	199
453	310
145	136
209	255
411	133
275	321
94	198
230	245
225	243
438	367
101	210
94	329
186	141
276	343
36	144
47	135
267	368
327	284
100	133
225	326
270	325
441	154
198	172
454	315
30	249
223	150
171	149
51	251
87	286
187	176
311	345
115	272
463	229
282	316
446	226
298	368
47	236
340	268
216	302
41	170
450	124
59	357
39	214
204	287
454	167
210	341
206	359
100	220
329	261
186	149
108	304
176	157
174	142
182	171
93	186
451	326
114	342
254	312
226	273
55	148
258	337
205	165
462	293
55	165
210	228
205	165
197	167
227	338
132	161
42	335
326	252
452	319
444	355
108	340
56	320
337	179
91	136
75	329
56	177
237	320
198	143
99	160
323	294
101	326
420	179
211	203
219	217
34	338
207	215
38	199
321	369
30	314
452	192
338	124
451	145
198	158
302	359
108	209
103	299
298	358
106	207
331	259
93	361
36	170
76	322
294	326
342	368
48	184
113	326
48	181
328	192
55	343
429	169
203	304
42	172
347	138
178	160
214	207
220	324
92	320
143	151
243	361
446	298
338	327
205	259
457	361
151	173
29	303
225	183
55	298
45	149
39	194
218	313
462	161
290	357
230	309
345	321
103	182
332	280
342	274
207	186
233	338
205	305
49	165
207	356
102	286
31	326
109	271
135	127
249	362
417	138
274	333
218	347
226	317
444	322
187	160
320	257
101	293
284	354
445	201
155	133
51	364
172	131
347	129
455	290
92	304
440	367
279	347
113	298
130	167
326	132
324	132
98	224
255	339
449	138
84	357
206	301
102	150
44	226
460	224
446	217
191	179
47	127
93	218
440	307
452	307
224	293
339	195
446	163
442	179
55	137
45	265
105	156
453	274
459	342
29	139
104	128
106	299
88	359
452	210
44	206
446	309
342	305
414	135
310	321
204	282
445	137
346	270
213	338
331	170
339	360
43	257
208	135
320	294
215	148
255	371
220	359
104	150
338	143
452	261
38	290
84	326
233	333
331	338
54	353
328	189
336	181
340	310
56	130
210	197
205	221
45	258
49	203
437	294
322	354
87	182
448	351
329	323
111	156
207	347
329	169
107	198
223	286
203	238
440	266
56	183
57	190
34	162
42	279
33	287
39	224
320	244
451	342
53	256
338	246
102	184
38	326
114	330
323	349
122	162
207	141
320	346
418	166
435	250
334	363
292	359
274	367
199	157
33	324
82	365
207	346
61	357
227	364
406	146
430	160
147	184
322	310
213	234
230	194
208	347
212	279
157	173
333	223
447	208
345	332
454	295
457	340
430	179
177	163
50	253
41	261
118	162
444	328
314	346
218	286
292	360
29	343
101	280
323	292
339	155
103	169
93	333
220	197
207	313
160	157
433	170
109	370
319	194
222	176
447	359
106	264
305	347
453	217
221	279
315	326
286	349
114	348
138	146
40	138
435	346
257	314
267	317
448	256
331	140
34	133
249	361
66	371
91	176
447	241
53	240
198	153
445	282
435	154
324	210
408	144
458	166
123	151
218	130
437	310
328	217
93	200
446	364
114	341
192	130
266	310
107	143
89	237
194	163
347	140
188	143
110	307
193	149
266	310
335	245
97	170
440	214
101	197
211	289
328	168
210	365
251	357
211	154
110	219
195	177
209	327
231	334
216	333
205	255
325	331
336	176
88	146
225	264
225	209
181	142
342	255
411	124
334	311
116	158
249	368
437	350
42	156
124	167
102	150
258	348
108	346
447	192
223	203
451	360
218	228
115	179
214	166
298	338
320	287
240	319
226	129
180	144
460	168
40	167
335	332
188	167
304	326
109	238
99	247
439	324
436	204
210	195
222	171
210	279
176	130
221	149
31	207
346	334
210	168
37	365
461	283
239	342
35	155
338	268
32	207
51	368
111	280
237	359
266	337
340	137
150	133
323	277
110	269
32	144
290	349
284	359
62	344
334	331
168	173
412	153
84	311
89	370
176	136
57	248
226	303
218	320
114	282
335	319
345	165
438	331
103	273
203	290
49	281
192	183
257	371
104	144
411	154
59	314
450	255
40	215
186	140
221	231
97	255
347	301
443	189
448	281
95	369
308	370
93	148
127	164
163	180
38	292
131	132
324	238
224	126
334	173
229	152
284	331
447	242
129	174
56	212
55	257
228	301
97	331
90	141
197	177
34	259
245	346
44	191
342	299
212	167
457	264
203	341
132	154
312	342
291	348
451	133
91	128
103	352
461	197
50	157
174	136
39	358
49	174
414	185
271	343
109	335
53	310
289	360
112	229
451	229
96	305
454	150
105	278
93	226
144	135
144	141
459	144
338	349
462	280
31	156
210	210
153	166
45	224
453	311
34	317
247	368
324	280
422	168
440	364
140	133
410	127
443	263
91	315
346	250
105	181
445	184
451	232
319	279
334	252
218	359
330	258
435	338
136	160
41	267
336	188
106	280
134	141
35	212
31	225
408	132
34	359
346	154
408	169
45	214
203	193
130	128
458	300
414	132
248	331
220	256
295	337
418	161
47	141
414	180
463	228
103	320
43	198
435	267
99	318
223	347
109	185
56	327
298	371
30	303
263	359
229	333
414	170
144	163
320	147
218	147
91	233
53	173
201	126
113	169
331	200
332	265
93	352
35	139
328	201
227	368
335	182
225	347
39	283
208	180
276	325
209	371
220	169
225	322
102	180
246	321
48	281
37	344
217	143
31	170
93	252
231	154
38	187
204	349
50	145
51	362
344	320
38	242
210	128
339	203
436	224
228	174
323	218
340	158
198	137
127	177
67	325
440	271
118	144
120	172
96	222
210	162
138	174
412	127
152	163
223	347
55	253
98	144
323	271
66	348
343	259
324	196
328	348
51	318
457	308
203	316
182	131
280	336
462	292
318	354
343	255
334	274
112	364
346	143
211	219
211	138
179	141
457	275
103	143
165	184
320	135
247	356
76	356
139	137
225	212
289	322
183	184
220	216
438	196
313	356
458	275
218	287
112	300
205	328
328	187
140	134
292	352
101	337
450	304
169	184
54	261
35	272
215	245
106	185
189	146
95	134
459	364
194	157
332	259
210	215
101	247
306	337
203	154
447	134
322	174
99	164
105	154
225	343
433	143
48	253
444	250
335	296
178	170
449	201
41	326
332	306
311	366
322	351
107	299
126	170
445	212
280	341
105	241
113	348
192	152
34	296
50	347
110	148
428	143
103	245
101	263
225	343
211	159
132	157
267	340
120	174
82	311
34	255
307	367
339	258
161	141
57	330
36	141
309	327
55	236
236	344
272	310
103	354
69	341
42	297
275	327
327	284
276	350
55	178
224	330
229	225
451	313
43	179
450	239
327	237
33	291
280	336
331	145
454	156
171	133
319	318
344	366
443	256
324	193
99	129
448	188
304	321
89	298
345	238
239	351
321	320
455	129
110	366
94	211
121	180
34	142
33	355
452	182
257	331
298	357
108	277
98	299
214	310
97	346
188	140
424	145
458	211
312	370
336	171
52	289
322	320
276	360
317	349
333	328
328	331
87	364
337	156
427	159
204	130
199	171
218	131
450	304
106	319
415	161
35	314
43	312
452	290
208	299
345	156
446	294
318	359
441	247
70	311
320	134
31	160
204	219
273	343
220	342
443	211
429	159
275	336
261	356
229	303
91	317
48	156
340	300
104	217
36	348
101	215
101	253
224	148
97	222
447	305
341	225
41	359
32	250
440	276
314	325
321	338
228	177
138	144
87	312
93	182
162	185
56	173
323	285
211	352
454	153
217	250
112	233
447	137
111	241
207	339
451	358
448	359
450	238
446	330
125	135
449	188
196	136
96	360
145	158
453	148
138	157
342	309
456	166
288	355
217	298
32	356
211	320
220	285
46	354
190	126
343	192
52	125
252	330
32	311
322	124
161	164
188	160
215	257
93	325
108	191
438	326
40	292
211	192
34	307
97	369
440	226
95	166
109	146
215	251
48	263
441	135
408	145
228	176
221	308
104	159
441	259
140	160
31	173
453	172
218	266
419	175
160	175
331	308
73	364
43	198
224	154
221	337
347	216
456	296
330	236
39	310
114	270
345	363
101	262
408	185
227	371
45	241
155	159
186	175
97	365
38	290
326	350
454	218
221	297
449	204
39	220
230	140
337	351
105	368
52	222
204	337
29	171
179	166
435	331
333	280
438	219
103	342
409	154
34	173
48	305
446	229
296	330
229	273
218	297
190	135
205	128
129	168
243	359
177	183
165	142
437	181
322	197
39	200
461	277
222	172
344	134
51	313
101	368
302	317
29	193
111	272
97	166
440	335
321	162
45	366
108	172
449	168
223	184
39	257
53	365
338	232
246	345
322	326
192	153
133	165
222	140
146	157
412	135
57	173
319	287
224	195
329	243
234	311
210	337
203	332
238	350
451	152
438	162
227	227
108	158
47	199
215	186
334	342
45	295
35	174
335	282
431	160
406	153
315	323
197	139
43	210
456	162
46	189
85	335
459	202
34	295
335	238
96	343
453	363
105	226
89	219
38	272
207	314
78	352
53	192
216	256
219	153
229	342
449	257
104	135
87	212
298	362
173	175
334	308
250	336
36	212
40	300
227	329
164	181
331	222
124	137
321	357
450	296
440	265
123	182
241	344
64	330
343	183
207	360
103	215
118	179
39	320
324	359
346	194
43	261
455	198
33	221
138	185
32	125
110	194
414	165
105	250
107	360
213	286
206	129
463	153
237	341
89	146
310	313
433	169
52	250
334	133
302	338
111	241
114	253
336	187
33	303
329	198
41	125
41	183
47	296
180	152
247	334
73	353
437	312
210	241
461	149
91	259
44	237
71	323
331	134
116	173
185	146
447	258
293	332
459	210
214	319
326	303
222	142
40	159
341	132
205	140
339	196
440	201
218	220
220	168
207	287
147	169
229	344
222	237
37	208
225	173
220	362
224	240
41	172
214	339
213	163
243	352
218	282
454	140
333	330
89	362
334	228
210	297
450	356
219	137
430	170
43	312
106	327
214	167
104	297
447	252
90	169
32	159
345	179
221	282
460	343
223	137
205	167
103	332
91	184
56	230
222	214
451	245
35	301
323	321
51	181
104	199
95	142
71	359
100	351
329	189
106	289
439	281
343	255
331	216
31	329
278	342
285	369
92	296
97	213
283	312
40	359
310	349
336	348
335	278
226	303
326	126
456	230
451	275
339	333
287	353
198	130
347	228
346	270
209	244
347	222
137	179
165	140
317	344
316	370
208	210
330	309
39	226
410	131
218	339
43	132
335	278
325	285
223	158
454	244
445	332
48	250
51	335
216	291
230	306
261	319
138	133
339	290
215	186
98	353
52	323
91	345
104	317
167	152
325	183
113	146
461	313
72	313
211	124
436	316
172	172
213	360
335	259
321	161
202	131
218	137
102	220
111	195
200	140
166	162
145	153
113	271
343	272
66	365
330	232
47	207
188	177
323	363
265	336
320	237
217	328
450	169
433	179
341	325
443	176
35	318
156	159
84	327
294	339
344	197
324	353
335	321
89	170
40	278
432	160
183	131
223	150
217	294
231	174
328	142
39	239
50	145
106	370
230	230
460	135
317	340
332	162
81	332
93	314
87	210
347	157
203	197
208	171
458	197
30	336
219	367
229	203
33	184
45	290
436	326
95	343
53	289
449	191
113	345
56	257
64	350
322	243
204	346
259	343
242	368
225	198
331	152
114	246
320	287
452	332
51	276
101	156
338	278
451	297
337	154
442	241
320	350
149	127
325	347
209	190
340	154
461	227
345	153
259	353
269	317
210	271
460	283
334	204
280	315
181	154
299	348
320	306
46	358
412	124
226	299
446	359
40	367
98	149
31	356
258	319
440	203
95	186
99	293
198	180
229	341
110	182
170	143
442	144
292	322
100	308
340	232
207	226
458	316
442	185
98	196
226	253
108	225
55	286
295	364
262	331
231	141
320	166
39	275
95	314
440	262
203	304
327	366
332	278
46	143
345	320
34	317
453	272
218	334
342	360
209	128
440	250
440	312
36	226
44	142
80	339
440	307
344	137
215	199
242	365
341	363
414	129
119	176
253	333
48	279
103	155
88	223
329	362
227	310
57	349
137	144
445	211
229	150
94	310
214	297
231	299
338	326
207	226
330	138
322	240
451	306
268	319
193	152
225	272
110	357
445	167
48	177
176	128
110	187
324	136
98	365
161	172
36	340
45	124
233	342
339	293
70	367
461	168
38	161
204	362
37	294
455	268
50	168
342	307
322	152
228	326
441	212
89	180
33	285
150	133
91	223
452	246
223	224
33	368
36	163
34	136
346	126
452	222
208	242
347	203
211	242
463	298
53	343
152	153
309	341
434	157
341	129
104	143
104	349
214	325
434	133
307	362
86	366
54	306
48	197
339	209
183	176
417	172
158	177
104	200
204	139
109	188
176	125
156	157
347	306
100	247
340	286
228	351
55	225
450	324
228	158
30	239
43	242
455	343
88	353
251	332
211	199
30	168
152	147
463	315
50	231
455	208
92	247
337	282
262	318
102	320
41	359
102	286
457	345
282	344
94	240
99	260
244	369
46	247
331	319
292	338
445	223
305	347
47	283
201	143
194	171
438	124
460	370
88	277
314	358
32	182
247	355
225	147
159	124
218	227
326	333
44	310
463	165
187	178
326	178
208	309
66	370
415	178
226	230
145	179
285	332
329	346
111	160
441	312
131	135
91	270
200	153
457	209
142	126
44	214
227	231
207	168
110	201
29	188
298	355
105	199
42	345
53	199
53	327
338	145
423	184
31	353
449	359
151	149
62	330
440	222
55	321
334	359
422	168
440	125
99	246
48	182
288	322
95	127
111	277
40	305
110	331
67	369
52	146
458	293
194	142
227	225
165	174
323	337
439	194
245	349
87	131
36	158
277	365
443	138
203	358
207	300
185	166
130	158
220	172
188	165
228	226
43	370
437	174
463	354
275	344
408	169
216	284
35	274
75	317
201	183
451	288
39	144
162	135
88	241
442	216
339	250
330	315
121	126
178	153
33	257
449	208
93	314
460	367
157	142
36	200
461	282
112	330
452	131
104	140
458	252
141	185
460	191
36	140
277	325
337	335
347	154
99	244
330	231
35	300
189	167
137	139
276	364
226	328
87	347
454	218
324	366
50	343
30	211
104	259
39	247
33	321
219	318
260	357
339	227
113	272
436	187
330	289
444	184
321	363
291	335
56	166
289	368
273	359
449	187
217	337
341	156
96	357
338	300
214	321
110	305
94	306
449	166
150	128
446	307
75	334
327	367
97	256
78	352
346	245
149	144
93	307
343	311
304	324
119	181
341	210
454	180
179	145
207	162
140	169
444	193
169	152
42	329
313	331
47	359
341	360
156	144
463	148
167	144
214	338
274	361
224	332
303	329
447	296
422	133
192	183
31	142
98	171
446	207
310	371
439	285
53	324
449	351
432	140
34	188
453	247
322	323
297	364
429	129
215	295
83	317
53	220
272	334
188	183
216	352
92	365
31	341
214	353
419	183
43	289
450	264
112	299
345	331
166	151
328	317
455	311
204	260
48	306
229	146
102	324
226	320
257	350
93	167
228	323
220	368
93	219
319	288
319	156
229	191
211	145
310	369
66	332
335	297
459	269
89	315
224	235
291	338
457	261
77	359
425	133
295	365
167	177
463	191
340	255
54	186
445	288
51	320
334	151
63	365
289	357
340	302
342	133
458	284
234	370
51	298
107	231
268	365
101	253
432	171
332	208
197	147
220	204
295	361
338	223
327	217
326	184
212	362
339	197
340	312
208	302
329	186
235	319
65	328
35	165
218	237
452	240
88	129
107	128
445	219
90	342
407	138
88	321
435	237
214	193
210	159
328	189
231	129
225	218
285	320
216	170
285	336
346	280
114	213
110	363
455	293
446	367
332	263
342	180
439	266
453	333
230	166
336	158
38	200
456	216
46	362
345	371
32	330
216	227
215	368
408	158
91	148
190	138
462	212
171	149
433	170
289	310
131	179
311	335
48	285
452	273
54	212
220	288
225	182
42	236
222	309
38	333
119	124
228	318
285	311
460	145
329	187
335	331
276	331
168	181
124	159
457	344
337	277
345	156
98	369
231	308
271	340
463	361
226	194
212	194
342	205
37	247
322	200
325	254
337	160
31	147
207	147
198	161
321	283
68	335
41	201
329	151
60	331
45	314
280	310
44	132
222	304
37	288
318	348
39	285
249	343
463	354
45	354
220	142
225	321
135	146
323	283
215	332
191	124
82	364
186	175
462	293
182	126
168	170
325	173
210	350
53	156
43	301
173	157
294	333
297	327
145	147
39	275
192	167
342	359
455	127
325	132
113	302
321	148
91	247
329	260
319	270
49	352
211	308
110	175
345	220
323	265
344	187
235	357
283	366
313	326
322	218
240	359
208	248
334	127
47	259
435	237
343	225
445	142
37	201
442	231
337	370
460	172
90	329
330	229
226	253
257	332
327	349
456	130
273	345
462	307
440	325
58	312
324	297
236	344
447	229
248	342
90	281
281	350
157	165
458	204
436	176
438	230
346	147
345	339
88	138
48	208
38	239
77	367
209	288
264	328
330	220
228	180
33	171
221	301
210	255
437	269
457	161
325	348
240	355
317	333
33	132
306	368
233	321
445	276
55	357
188	127
213	346
133	139
321	159
212	345
312	343
223	365
54	221
206	319
103	180
335	285
43	193
40	240
53	328
35	273
251	324
444	256
251	368
448	256
161	158
150	133
50	192
129	136
321	140
91	310
158	167
449	187
203	365
320	159
406	172
30	248
221	222
217	318
451	316
174	173
231	195
444	212
34	232
111	320
298	353
229	338
97	237
51	221
406	131
219	138
52	181
156	135
238	326
46	262
342	266
347	366
266	329
189	165
53	193
447	261
299	367
232	316
113	142
347	165
437	218
106	329
174	125
322	363
336	257
207	193
184	178
110	137
336	134
125	185
51	195
68	361
461	281
338	164
463	231
91	126
455	181
217	352
414	150
336	163
184	171
229	350
320	328
440	345
458	187
409	156
211	205
455	204
345	267
39	214
427	180
220	294
327	139
46	219
459	164
342	218
207	147
120	132
39	317
456	172
249	339
121	172
98	284
46	200
207	173
90	138
458	307
335	300
216	335
411	144
212	199
205	128
444	364
303	327
339	153
82	368
41	360
108	311
75	366
193	147
88	266
438	273
265	314
80	313
324	329
108	323
449	153
331	228
49	165
95	365
334	344
328	272
38	346
441	353
459	151
91	249
289	338
161	167
103	353
277	319
333	163
198	160
211	140
48	196
187	127
345	319
157	168
101	268
201	147
295	365
412	142
437	236
283	339
325	267
343	263
440	275
291	353
32	316
229	348
446	214
224	179
331	164
178	151
207	190
105	233
49	367
333	260
332	320
451	243
435	146
294	334
50	297
322	198
49	240
406	130
328	357
459	346
53	252
346	246
41	354
66	345
446	236
191	149
324	309
107	247
39	182
97	358
231	301
418	125
203	252
85	329
107	291
56	212
218	153
94	178
329	361
440	322
223	128
462	160
98	319
302	342
45	272
202	146
114	241
221	360
35	287
416	129
442	182
441	204
449	339
440	318
338	259
106	206
463	260
333	324
320	256
42	215
346	199
407	134
270	348
247	358
56	163
44	168
105	171
343	220
32	293
62	330
218	355
110	162
114	346
435	351
327	339
462	130
320	320
68	350
87	235
193	132
440	214
34	246
207	139
438	158
456	345
38	325
452	224
121	175
78	321
107	295
89	274
255	340
42	128
115	343
29	239
208	297
71	360
323	130
449	329
162	127
309	359
414	157
196	138
91	370
440	273
439	268
410	145
335	371
346	170
463	135
43	259
453	174
214	346
152	164
108	267
95	278
35	227
273	368
420	161
217	175
446	307
140	125
228	208
257	367
261	351
327	150
334	272
89	304
269	327
303	326
226	223
114	250
339	129
419	153
458	289
425	154
223	175
196	127
406	167
146	133
222	233
260	315
461	336
332	363
186	162
49	261
334	347
38	217
461	301
115	195
248	356
35	268
61	324
219	211
330	145
99	304
144	176
339	234
97	347
286	368
316	345
97	132
311	360
44	254
307	327
56	294
49	258
109	244
112	353
436	175
339	148
211	347
222	210
237	335
346	140
131	137
224	279
40	324
341	272
333	308
257	358
320	187
462	370
104	216
100	313
56	144
322	345
52	297
65	355
213	133
35	356
118	179
438	173
203	234
254	353
97	351
63	360
67	313
339	166
36	131
330	294
436	150
344	289
222	317
42	354
443	179
35	350
117	157
406	165
203	324
458	322
319	201
407	175
99	127
298	329
432	168
36	174
346	185
256	312
107	276
327	170
224	264
119	154
251	332
87	333
248	337
101	159
337	220
63	347
180	131
204	328
144	165
273	328
226	296
204	368
111	315
237	326
281	320
347	239
215	206
334	160
229	158
102	320
329	364
250	339
293	350
214	174
184	129
329	338
249	342
35	311
189	179
284	353
91	231
437	164
447	268
33	136
303	312
457	274
227	180
90	129
331	164
129	175
110	310
90	132
114	359
207	352
240	356
87	358
97	127
244	370
177	138
65	333
451	206
439	306
173	129
449	242
115	352
437	169
462	185
459	318
84	330
322	282
340	243
332	330
30	127
219	134
237	311
321	180
166	169
440	330
197	138
330	148
152	167
454	284
50	354
211	351
215	263
442	294
222	345
99	208
203	327
254	334
246	350
107	299
173	172
210	292
177	158
286	363
315	342
41	247
438	187
96	300
34	164
109	209
221	207
29	177
463	301
50	271
447	258
343	278
407	181
424	132
99	362
219	304
320	262
149	157
331	243
450	204
246	314
331	172
344	246
461	288
449	141
35	172
92	278
37	288
81	356
31	338
57	143
41	357
225	134
319	178
112	314
279	346
114	151
42	370
36	132
99	249
72	336
447	221
95	273
323	258
320	146
238	330
185	146
206	246
36	241
209	342
458	319
213	190
204	295
30	181
315	319
228	215
449	332
447	321
332	144
113	297
87	276
112	155
438	252
37	316
441	229
461	185
59	358
223	277
335	273
93	182
106	188
102	134
335	150
203	350
216	191
212	334
443	279
99	328
33	288
175	176
326	131
94	179
58	329
52	164
57	254
440	302
129	146
282	347
444	189
144	150
207	290
197	144
104	222
314	331
326	225
106	188
177	184
328	333
344	256
44	272
71	336
30	284
96	272
282	358
321	242
104	326
340	190
230	203
347	328
245	346
295	368
239	312
230	336
213	143
334	368
90	269
436	133
268	313
239	325
129	175
444	356
186	169
40	349
333	201
459	278
323	283
169	166
162	138
338	282
53	127
339	272
169	170
43	190
294	360
345	255
206	189
102	283
219	304
278	313
329	128
95	369
199	170
46	252
45	229
34	245
203	298
455	173
80	345
114	341
91	315
234	346
319	327
146	157
295	346
62	347
35	361
213	360
30	268
305	355
139	126
453	179
56	351
37	260
99	148
192	155
72	319
234	313
192	178
441	260
212	223
463	184
52	254
107	133
334	315
112	264
45	213
252	332
95	319
330	340
105	280
445	350
123	156
106	133
100	367
289	335
409	179
70	338
272	370
289	320
448	353
243	331
55	174
457	358
74	337
226	368
33	250
457	156
429	136
319	151
50	249
99	343
210	217
217	167
41	297
51	154
455	306
227	300
215	140
152	168
202	142
168	164
453	311
48	359
114	176
328	367
30	211
220	282
462	269
124	176
305	368
64	323
460	159
190	164
203	342
220	310
319	333
307	341
33	351
462	369
300	316
100	300
204	220
288	320
288	371
340	189
226	188
176	127
216	311
318	336
342	237
341	249
211	333
343	252
300	351
336	234
446	226
321	215
453	317
125	124
121	128
161	168
324	147
457	124
91	165
95	313
443	289
326	207
211	289
346	248
203	270
451	199
45	157
140	126
43	216
346	359
309	365
57	240
132	171
100	334
37	316
463	322
157	184
327	160
449	225
40	265
206	327
152	140
39	197
437	227
63	339
29	343
329	280
211	264
98	214
300	333
111	237
286	327
321	268
172	164
327	152
203	189
306	330
92	131
274	355
112	275
217	233
57	172
235	312
55	350
186	169
64	350
204	308
333	351
333	274
42	371
147	172
30	329
325	155
97	266
103	310
321	221
145	153
224	172
33	157
440	178
204	208
224	300
228	218
326	215
463	223
238	336
163	166
211	253
136	132
127	128
449	174
30	284
103	148
95	239
43	182
170	128
37	230
208	246
320	279
204	207
48	171
55	249
118	160
147	164
214	292
110	305
115	307
67	349
219	154
72	345
324	174
65	344
461	307
177	161
30	290
246	362
186	134
108	271
131	149
90	126
216	263
53	204
105	152
258	367
30	180
36	194
159	178
438	250
458	293
125	133
157	135
189	185
88	354
331	189
41	167
218	348
47	258
330	139
337	278
47	316
436	332
277	347
225	340
173	149
133	177
338	234
298	353
198	141
183	133
67	337
435	192
128	135
99	299
47	280
106	166
345	303
238	310
153	145
322	251
103	177
284	354
34	156
461	350
44	303
451	162
46	287
463	228
223	296
205	212
109	344
102	311
225	165
88	164
79	327
437	189
446	345
459	155
443	370
107	171
223	210
58	327
33	367
179	156
225	267
419	168
177	172
54	186
34	136
330	280
458	146
234	325
334	232
248	327
410	134
42	169
440	342
452	321
51	198
157	146
55	295
184	183
458	178
285	353
170	149
301	326
206	239
44	151
104	200
437	169
54	128
39	206
34	353
46	138
208	369
323	152
343	132
96	355
219	215
456	357
347	331
50	160
452	304
29	212
287	337
195	176
414	139
456	217
64	333
51	337
145	139
337	333
236	323
30	189
145	163
244	337
219	248
213	319
319	237
210	337
424	182
270	333
329	261
339	370
48	135
328	323
461	136
49	191
48	363
293	322
272	359
437	352
114	278
340	250
93	163
106	176
101	137
199	185
91	357
92	358
438	251
293	311
100	220
119	124
46	321
187	185
97	287
40	313
456	251
233	338
320	278
206	329
212	323
208	146
449	320
258	333
225	368
296	367
444	230
46	331
227	259
329	352
248	324
125	174
112	210
99	317
347	201
36	201
457	189
33	307
90	144
141	167
111	227
328	226
205	360
88	265
228	340
47	210
63	327
63	359
410	176
173	172
46	241
341	291
247	334
89	357
104	294
432	166
299	325
67	343
211	325
463	348
294	329
110	313
208	216
268	342
283	361
222	337
108	132
302	338
331	193
153	160
455	337
96	232
445	212
328	239
445	333
346	322
193	160
216	367
249	314
109	126
456	324
295	356
447	366
57	231
341	226
318	335
190	166
320	182
435	229
421	134
338	158
435	230
92	212
413	169
332	218
46	183
229	311
104	128
42	311
86	310
228	338
337	330
299	360
221	360
54	340
444	247
331	147
97	272
110	344
446	135
227	141
174	142
341	172
409	171
108	288
209	148
111	332
207	339
329	162
283	371
227	297
129	153
420	136
84	312
110	266
339	139
337	303
327	219
185	155
272	313
217	125
326	324
212	305
226	347
124	126
343	286
259	315
46	214
275	371
323	243
444	270
176	172
33	180
446	336
221	139
208	319
32	187
452	259
51	165
206	220
214	146
135	149
33	346
313	339
306	335
432	127
344	261
337	368
47	209
424	181
139	134
215	188
46	177
49	281
333	211
33	336
140	159
453	153
208	239
439	321
127	127
96	268
56	146
298	361
107	185
89	128
185	138
334	147
322	166
347	249
238	330
204	231
331	276
456	241
134	169
452	169
286	326
343	183
214	252
225	314
275	362
32	308
211	218
129	137
168	146
446	177
103	266
140	133
225	295
92	189
429	155
261	337
329	236
65	368
51	191
444	280
170	182
114	215
441	314
48	165
198	131
440	267
431	172
186	135
46	308
344	167
343	288
93	164
176	137
82	349
341	357
226	124
328	262
114	138
74	326
438	280
427	141
148	150
206	131
30	225
261	331
242	353
110	284
444	168
443	188
223	340
92	136
214	129
110	147
33	146
212	124
227	233
170	124
51	332
322	211
48	235
55	340
223	219
111	128
204	257
88	166
407	176
213	362
49	238
99	126
446	152
218	191
138	124
94	134
47	297
455	160
208	343
47	254
58	352
267	351
95	189
435	141
163	179
87	303
216	363
438	124
111	137
463	350
38	308
333	242
287	312
122	140
443	195
334	210
218	279
346	232
55	279
323	310
89	228
416	150
314	314
340	358
230	152
115	353
104	223
322	230
92	130
93	231
115	182
462	166
222	250
163	166
102	215
52	340
340	206
56	201
176	172
53	304
318	355
170	164
90	219
347	126
210	223
241	356
324	170
53	214
249	337
119	152
99	277
208	290
323	326
454	329
54	289
126	181
433	140
331	316
340	371
205	202
32	280
204	271
433	130
292	362
100	328
459	156
253	359
213	297
342	222
38	315
229	306
199	184
51	283
226	157
113	192
184	154
103	239
439	355
123	150
300	342
46	276
411	133
342	224
231	356
173	164
419	146
187	147
447	370
214	148
131	136
285	356
91	340
172	130
229	236
56	351
103	176
324	174
436	179
333	157
55	346
223	221
462	247
56	283
326	223
459	266
94	248
149	161
444	280
325	346
454	245
439	133
90	348
307	352
332	160
223	248
119	154
46	314
333	319
214	132
40	294
263	343
36	220
56	364
266	335
190	168
188	173
333	178
126	126
108	189
234	339
95	200
447	296
32	135
326	341
39	191
90	354
33	226
50	138
417	139
327	327
261	313
292	342
211	179
94	198
109	209
54	180
338	371
347	148
131	147
88	239
292	310
95	126
228	267
56	212
418	148
105	229
108	143
52	355
96	323
86	363
225	331
343	319
87	301
445	337
37	334
111	356
336	284
219	182
54	183
320	226
295	362
463	281
183	126
231	168
96	239
110	291
84	319
227	169
296	334
459	203
324	166
85	336
174	125
156	150
413	153
57	252
97	205
162	130
458	339
35	131
43	326
463	367
102	356
324	298
98	226
244	343
435	215
408	126
247	339
57	252
451	181
457	233
455	272
346	370
159	177
319	320
131	185
427	142
225	343
457	206
30	236
212	359
135	146
226	304
109	223
117	146
182	135
206	144
432	173
88	202
224	131
334	202
74	356
162	152
291	321
341	249
346	186
50	190
291	351
408	128
113	202
276	361
455	345
93	271
60	361
334	337
330	360
333	192
80	349
127	179
29	356
284	319
420	141
445	129
43	262
49	130
321	124
345	345
216	223
462	206
413	158
419	164
443	219
328	136
55	176
459	244
159	182
76	325
29	173
177	144
104	371
341	250
443	241
83	359
65	339
446	311
456	254
145	162
96	294
331	368
447	279
431	157
57	234
219	279
37	193
256	355
259	370
460	158
179	131
94	159
152	175
75	351
334	286
103	302
333	290
250	368
217	241
42	126
226	202
444	134
90	361
225	336
89	261
101	140
343	369
327	224
457	139
218	162
32	279
204	177
463	187
139	131
457	305
319	358
34	223
40	223
185	128
323	241
329	363
170	155
188	152
451	217
336	243
76	345
408	136
41	132
43	345
165	180
110	313
103	291
223	266
320	329
336	285
203	323
62	329
218	240
221	338
52	220
73	323
216	334
246	322
97	149
90	222
288	323
44	201
214	161
51	236
109	354
98	163
448	175
53	226
196	153
276	338
219	269
281	326
100	155
34	236
103	245
127	134
92	162
436	342
240	349
220	323
447	178
40	325
43	264
439	305
292	364
95	166
312	313
85	339
334	124
91	310
75	350
109	332
100	135
252	346
423	144
205	328
342	234
54	289
330	340
210	362
222	357
458	249
237	318
438	196
41	124
450	178
108	204
72	327
161	163
102	238
135	179
149	166
55	301
206	364
245	320
129	140
102	146
422	143
220	364
213	251
225	189
52	278
42	175
449	241
290	311
221	357
56	124
406	149
330	183
323	268
36	281
95	254
51	149
103	326
320	345
92	358
260	350
451	198
45	288
173	179
104	360
417	152
344	240
115	279
150	151
101	306
42	135
215	191
223	314
329	178
457	323
228	335
31	291
445	139
35	238
148	138
339	344
326	158
91	239
435	316
117	174
93	193
204	215
144	180
89	328
203	156
205	182
331	189
64	333
100	187
336	224
415	165
213	169
420	157
223	208
210	154
322	157
344	315
88	244
156	131
195	134
89	332
31	196
455	321
56	285
276	339
212	154
272	313
133	154
338	254
215	317
136	162
221	146
57	265
55	132
325	345
114	161
103	224
212	195
333	264
40	314
201	136
221	230
219	350
34	145
456	255
296	371
207	353
423	167
206	189
406	160
56	158
459	321
262	316
266	340
333	254
324	312
213	295
444	351
273	313
95	359
89	287
432	125
104	134
223	229
50	272
205	203
112	147
73	330
221	215
440	312
268	337
295	330
112	221
36	139
41	205
66	311
443	148
454	368
293	358
114	200
453	185
281	313
215	363
45	148
151	184
443	345
32	202
59	334
126	131
230	196
191	157
117	141
221	214
30	316
438	310
221	351
55	265
47	225
53	251
222	329
37	232
50	127
29	146
218	216
271	351
334	286
50	235
437	350
41	268
136	170
449	227
211	217
109	242
449	225
343	243
209	321
37	292
122	161
43	162
104	236
238	330
456	276
78	334
88	206
347	319
105	355
319	356
105	175
346	254
344	126
43	150
226	202
105	308
330	187
326	221
449	369
230	165
94	241
152	153
36	322
333	214
56	158
96	217
304	347
129	151
345	172
344	330
103	369
229	291
107	314
436	164
414	130
255	340
185	173
440	131
223	254
221	184
135	179
104	362
410	169
220	227
337	361
212	338
419	139
55	295
108	202
443	170
249	354
36	154
85	335
48	224
341	207
56	247
100	150
312	359
178	132
345	234
331	261
322	239
106	315
263	352
50	340
81	333
456	304
442	358
262	351
462	327
47	173
228	290
167	135
166	150
77	333
330	257
411	163
56	142
162	139
447	269
48	185
157	142
31	322
342	331
48	180
425	151
416	148
256	320
459	191
91	235
426	150
81	311
87	132
338	215
33	132
320	312
333	332
332	347
343	257
96	220
118	144
232	314
44	136
110	272
460	257
110	206
126	183
210	242
439	198
293	364
337	190
204	207
228	235
329	263
344	138
226	206
222	353
309	335
201	162
48	236
41	234
53	138
179	173
49	157
223	180
229	323
106	277
34	196
326	332
30	143
92	288
32	224
343	359
253	328
69	345
221	362
51	358
111	332
303	362
454	345
337	163
213	340
95	343
458	174
38	158
74	329
95	210
224	270
214	198
329	287
282	344
176	134
219	336
176	131
226	198
157	175
214	357
219	349
186	182
330	130
339	238
443	154
332	257
435	236
319	237
34	335
437	229
327	175
69	327
65	362
101	297
426	152
343	364
42	173
319	361
50	278
442	157
213	199
419	158
338	210
344	352
224	172
120	174
322	125
133	126
234	313
437	253
90	274
114	184
436	266
211	182
330	272
446	222
87	252
449	269
51	235
225	212
278	367
56	201
208	304
206	194
215	274
203	339
72	318
77	328
101	187
190	130
347	267
295	355
51	206
47	227
118	173
441	324
39	304
327	307
169	184
44	147
331	341
439	281
210	135
104	188
255	350
80	350
452	144
333	350
139	129
34	150
460	255
460	146
245	316
230	326
209	211
34	269
459	254
450	133
62	332
256	352
55	268
224	274
326	262
421	147
57	344
288	360
231	253
300	312
111	239
131	172
339	253
417	176
108	158
90	342
463	295
73	329
331	252
454	222
324	139
112	168
31	202
86	353
97	338
115	130
419	168
315	315
67	346
49	310
326	342
451	170
420	131
56	151
30	162
272	368
330	197
345	244
54	145
129	152
234	361
236	366
335	229
97	351
52	229
451	287
103	234
87	349
46	330
50	239
272	320
335	142
207	201
67	341
208	227
64	339
451	266
100	307
112	204
107	210
107	254
221	127
413	153
408	183
40	126
437	249
339	271
285	319
211	147
241	314
198	131
208	130
214	297
221	307
452	155
219	148
110	215
221	321
450	149
454	364
135	162
29	151
221	147
460	276
172	126
231	338
459	229
124	144
38	161
439	334
209	153
219	155
228	355
437	266
29	294
323	301
297	310
332	345
207	306
156	166
55	360
321	248
317	360
108	306
57	152
220	164
321	268
419	124
219	358
440	358
47	171
439	234
459	193
421	174
225	296
319	127
297	320
325	358
431	144
448	149
419	182
49	166
291	344
187	185
49	145
344	293
301	315
344	219
105	124
333	366
66	366
32	128
313	318
212	136
320	297
346	127
463	344
240	313
451	155
48	188
50	141
87	340
319	179
322	171
98	161
92	273
442	133
106	310
344	141
451	222
124	158
38	260
124	174
110	234
60	341
226	154
103	252
246	310
203	284
101	195
328	263
112	291
29	175
112	246
424	153
334	129
48	242
81	344
461	197
103	205
110	318
143	124
337	168
135	140
167	156
135	172
105	174
105	371
410	144
108	360
116	180
85	337
325	258
97	335
46	255
347	338
425	124
164	172
321	173
462	141
347	318
223	132
101	220
209	302
199	133
78	342
204	182
247	324
335	238
223	201
325	173
32	334
52	361
324	313
46	249
322	150
438	133
301	316
433	157
154	176
44	291
204	348
458	203
299	371
220	164
108	255
345	125
158	164
324	302
48	256
229	178
268	322
43	324
421	163
295	368
336	333
31	275
445	246
111	245
333	164
144	168
317	334
115	357
347	194
460	356
460	305
327	230
101	328
458	220
103	215
340	171
53	186
347	252
454	280
206	280
36	310
51	279
101	202
455	310
154	132
147	164
227	238
454	251
346	322
229	126
347	269
435	279
225	186
106	236
56	223
330	257
100	211
82	371
96	167
232	311
214	274
327	361
108	322
42	208
48	250
454	270
52	339
80	323
101	241
450	234
33	249
40	370
322	344
418	162
341	136
439	133
230	143
346	281
173	129
213	170
171	124
59	351
329	149
438	157
323	228
197	161
443	174
90	266
169	152
215	338
210	293
409	183
109	171
203	266
334	351
254	341
97	304
104	312
49	131
115	130
442	311
218	181
217	359
175	184
235	341
53	253
216	170
320	293
106	151
49	155
34	186
115	211
99	275
78	353
189	164
101	365
215	300
452	144
57	161
218	290
98	170
61	355
167	144
46	348
30	183
218	213
238	318
206	231
462	345
338	371
111	169
462	127
426	133
319	185
53	295
345	160
320	137
97	256
463	204
85	368
451	242
102	227
328	371
206	328
44	341
212	185
223	256
327	223
64	320
114	178
231	317
92	282
211	157
103	168
210	341
436	195
33	258
180	162
96	141
435	248
448	301
217	249
209	371
97	153
334	222
93	288
107	265
347	242
54	340
463	207
100	322
421	125
113	181
215	179
99	144
213	152
216	218
322	167
153	173
48	230
324	150
221	309
449	158
36	240
335	247
318	343
459	212
129	152
54	254
458	277
448	304
441	260
49	158
143	184
424	147
88	179
117	167
188	176
448	354
155	146
139	177
99	196
462	217
212	281
66	334
331	355
334	246
209	240
340	235
123	160
113	157
454	340
59	359
232	366
116	146
287	337
455	191
221	162
338	230
417	133
459	224
59	339
40	273
80	312
138	163
200	163
44	355
53	173
322	171
440	253
406	133
454	332
276	369
213	284
30	301
102	367
99	183
437	159
101	225
56	307
229	207
244	343
231	207
449	164
93	197
96	329
334	159
71	314
100	347
226	189
54	314
333	167
458	144
457	168
257	334
91	190
453	226
131	184
345	191
325	286
439	187
203	128
106	216
212	264
224	206
47	133
54	288
211	142
319	217
111	179
333	255
212	327
33	305
163	146
213	177
347	316
448	370
112	282
208	214
443	256
440	219
457	132
91	308
331	303
153	167
438	297
445	355
190	128
92	335
250	334
227	362
333	367
246	370
338	212
444	162
188	151
230	331
96	259
346	214
116	157
347	228
408	126
441	180
453	338
105	266
321	362
203	190
209	356
56	369
236	315
88	274
123	147
85	353
210	205
188	169
282	340
265	328
57	139
413	169
433	162
447	358
35	159
280	316
176	185
31	308
129	174
229	371
231	294
443	273
38	138
451	229
86	342
109	358
32	250
55	307
463	152
187	174
451	308
99	267
252	347
155	154
91	320
438	257
445	366
155	154
109	323
57	302
211	133
256	324
107	178
204	219
46	242
313	310
246	327
29	139
413	150
95	248
45	205
92	144
216	316
233	339
228	301
451	161
329	294
62	368
454	354
436	174
200	125
340	257
115	344
54	154
328	135
98	369
208	294
51	246
49	277
331	190
49	125
36	347
451	349
105	183
411	163
39	303
332	239
234	368
229	219
108	235
52	265
55	296
438	363
215	356
176	151
114	355
339	280
345	266
416	130
56	213
211	194
230	302
239	329
456	267
29	247
323	221
145	131
452	337
454	357
235	342
67	368
192	163
209	251
167	160
456	201
176	140
319	160
296	314
338	337
322	302
221	128
63	347
91	136
424	125
461	135
341	366
89	299
436	344
319	177
84	329
449	243
215	208
304	320
343	129
89	370
339	187
207	200
326	329
99	245
209	354
446	154
113	162
462	320
38	253
340	288
247	316
41	336
461	214
115	194
342	189
32	201
264	326
90	369
455	315
460	124
248	310
117	174
455	220
83	363
48	297
124	136
47	196
447	265
333	275
451	335
29	349
29	327
160	130
31	135
458	323
343	149
333	142
199	142
47	212
298	368
444	234
37	141
91	262
94	172
56	310
458	222
36	251
272	331
206	313
205	156
420	181
320	331
35	214
410	149
43	331
445	206
48	194
41	198
95	335
338	347
218	322
323	205
447	192
56	286
110	333
88	320
445	177
418	161
321	127
62	342
166	174
34	264
317	354
163	173
57	336
320	323
43	192
178	180
138	132
463	209
455	306
334	219
131	178
414	168
417	155
132	146
127	172
441	317
145	181
214	303
91	349
115	334
323	145
455	344
39	360
105	136
35	350
106	354
345	262
455	231
344	171
218	172
239	310
273	367
462	298
406	135
336	269
114	209
343	238
226	349
346	259
342	237
51	257
442	222
171	181
224	168
223	251
345	158
47	343
343	205
330	314
223	301
255	313
220	143
334	270
100	164
100	329
434	183
205	310
436	164
346	285
413	182
344	192
168	142
333	154
449	322
435	216
138	142
44	241
440	265
119	145
92	325
72	321
457	228
435	261
214	295
95	161
447	159
206	146
228	154
230	182
153	166
446	202
45	356
208	127
82	341
193	149
188	180
57	142
323	303
33	265
344	207
248	337
165	148
70	361
343	226
94	131
199	181
39	347
282	371
322	151
73	329
295	328
438	226
30	343
49	264
204	203
329	284
109	222
53	297
139	173
239	345
325	355
43	260
337	215
231	308
446	197
94	195
92	211
90	153
