209	243
103	506
386	198
197	300
181	287
416	440
244	237
368	178
363	555
56	325
59	317
89	533
363	526
70	502
155	582
417	426
99	540
146	259
98	569
145	226
178	296
75	305
104	575
122	228
184	250
107	246
109	554
95	241
355	529
121	242
50	335
64	522
373	182
184	307
386	191
86	574
371	189
44	509
405	428
243	305
72	540
299	518
128	237
119	215
424	443
266	279
47	346
94	552
61	330
308	536
308	536
37	531
222	322
115	219
59	497
108	266
232	281
70	502
362	194
353	521
178	236
233	271
408	431
365	165
350	200
332	513
369	191
412	435
40	326
75	305
94	552
178	236
183	300
232	293
59	526
138	587
107	599
145	226
63	520
126	600
37	531
105	517
51	497
91	235
239	283
359	186
88	238
79	531
94	539
263	270
85	517
69	538
107	562
41	522
52	504
209	243
226	290
356	185
72	572
50	545
62	339
347	188
70	502
190	260
71	508
337	524
105	557
403	421
53	325
109	551
80	329
359	186
120	205
107	246
195	290
168	283
221	279
52	504
100	254
98	253
79	338
105	517
132	536
403	445
244	237
366	535
119	574
69	538
132	546
6	485
426	433
58	332
363	526
368	190
433	433
126	569
40	326
89	533
350	200
316	528
218	219
388	184
61	337
104	575
116	216
232	281
243	305
181	287
92	239
418	444
433	433
340	553
226	290
245	287
239	283
119	574
239	283
109	554
238	310
355	202
392	421
63	520
370	185
52	555
405	428
371	189
352	559
352	559
105	552
417	426
241	299
155	582
346	180
208	244
122	242
357	185
232	293
222	322
78	536
59	348
404	428
85	205
104	227
237	291
411	446
128	547
113	553
352	559
229	280
56	333
231	294
50	509
344	564
126	600
316	528
184	250
369	191
70	502
229	280
263	270
179	231
422	440
104	233
122	242
102	611
201	268
337	524
188	283
126	600
107	246
107	581
47	501
343	535
53	531
178	274
347	188
421	441
115	219
232	281
80	544
60	499
105	517
353	521
368	190
426	433
372	187
332	513
371	189
93	258
404	438
50	545
227	288
67	484
50	335
122	242
105	557
200	267
234	314
245	291
115	567
133	246
113	553
92	239
222	322
125	225
81	327
190	260
89	533
106	581
95	241
88	238
355	198
238	246
206	283
326	524
365	196
409	431
403	436
50	523
110	243
406	450
93	258
264	282
121	242
400	447
333	551
316	528
94	539
124	565
73	530
110	215
324	540
402	421
109	220
100	254
264	282
217	239
106	205
50	549
350	200
197	300
311	524
317	510
185	267
107	599
346	567
195	290
244	279
417	437
266	279
128	237
42	335
128	547
75	509
417	426
218	219
341	571
346	494
132	536
417	437
371	189
98	576
59	526
422	446
109	220
413	446
59	348
115	228
95	241
115	228
114	260
357	197
50	335
56	325
344	564
355	195
352	559
183	300
85	609
343	197
60	499
95	280
399	439
178	236
238	310
213	245
311	524
418	444
103	522
311	527
102	611
329	528
181	249
372	187
426	433
386	198
106	557
122	228
93	258
343	197
105	517
399	439
91	258
363	202
422	446
85	517
205	236
431	439
221	275
155	582
179	231
65	334
215	239
355	529
110	573
209	243
115	219
238	246
132	536
80	544
423	436
119	574
80	536
119	231
209	243
110	588
120	205
88	238
363	555
82	574
56	325
234	314
328	174
208	244
40	326
366	202
107	555
176	233
224	264
424	443
129	551
260	281
220	290
190	260
91	258
317	510
68	341
75	352
111	525
366	202
110	596
163	274
361	173
115	544
79	338
181	287
108	266
85	205
311	524
416	440
372	187
391	435
124	565
404	438
86	574
61	337
104	233
238	310
114	260
337	533
359	186
335	533
347	523
200	267
379	554
194	254
56	333
59	317
363	204
356	183
128	547
74	335
355	203
317	510
231	294
416	437
404	438
208	244
373	182
250	276
50	509
62	319
138	587
316	528
340	553
86	512
98	253
91	257
402	421
358	175
181	249
55	330
50	523
56	325
131	262
404	438
340	553
107	246
56	535
141	542
126	219
343	535
99	540
136	235
78	536
212	247
67	341
59	526
221	275
369	191
346	567
206	283
78	220
415	434
202	304
413	446
358	545
99	558
59	497
50	509
99	558
402	421
365	206
70	341
78	536
82	574
146	259
37	515
44	509
59	348
71	344
82	574
433	433
75	334
110	528
115	567
97	247
98	253
175	254
343	535
337	533
91	264
47	346
399	439
359	164
119	574
232	293
361	173
418	446
383	181
52	326
122	242
362	553
202	304
248	269
433	433
105	517
87	593
403	424
433	433
362	553
114	226
420	430
189	257
152	290
85	517
171	266
239	283
104	239
109	220
146	259
77	340
59	317
61	337
379	179
44	509
122	228
421	455
106	561
421	441
60	495
383	213
81	319
402	464
80	329
357	185
85	524
208	257
75	325
53	325
183	300
194	254
405	428
386	198
355	190
131	262
264	282
392	421
326	524
244	279
341	571
119	231
357	197
212	247
54	557
403	436
52	504
197	300
347	188
231	262
364	186
97	222
238	310
72	497
91	257
201	271
200	267
155	582
220	290
335	533
65	334
73	530
195	256
115	567
225	250
363	184
362	553
107	555
346	567
402	450
105	517
110	588
100	197
299	518
415	434
370	549
133	246
231	262
103	522
240	299
229	280
208	244
238	310
308	536
64	522
103	522
23	514
178	296
336	538
355	202
77	340
50	335
383	213
181	287
50	335
187	252
51	497
208	257
188	283
243	265
391	435
107	552
418	453
263	270
346	180
362	553
335	533
308	536
328	538
91	264
365	165
201	271
80	536
120	591
346	494
119	574
202	304
245	294
104	575
364	186
237	291
117	242
421	441
75	509
359	186
107	246
416	441
126	569
129	551
420	430
406	450
355	195
234	314
161	249
260	281
108	223
132	585
121	208
359	164
164	263
403	436
349	516
63	342
114	260
97	222
366	529
238	246
61	330
54	520
188	283
50	509
114	563
333	551
105	557
183	260
403	421
55	330
110	243
415	447
416	440
231	262
183	300
359	186
107	599
183	260
100	254
369	191
383	181
88	238
403	424
260	281
60	325
213	245
53	516
195	290
23	514
231	262
62	319
56	336
55	330
386	191
161	259
365	196
110	573
110	215
226	290
72	497
245	291
133	246
50	545
145	226
105	517
95	241
370	200
244	237
308	536
222	322
338	539
232	293
91	235
417	426
262	282
74	335
128	547
201	271
362	194
36	539
240	299
341	571
350	200
423	436
209	243
226	290
197	300
73	344
112	573
260	281
136	235
363	555
176	233
74	335
368	190
59	348
346	567
60	325
229	280
92	239
317	510
65	330
422	450
402	421
356	185
181	249
70	333
219	269
368	190
70	502
244	237
372	192
266	279
402	450
233	271
239	283
120	576
164	263
226	290
126	219
209	243
352	559
232	293
188	283
198	253
181	249
59	526
338	539
88	238
411	430
245	294
17	499
426	433
173	264
391	435
126	600
91	235
340	544
106	581
104	538
161	249
327	548
344	564
126	219
363	202
47	501
103	522
324	540
59	497
86	512
424	443
70	476
112	257
258	327
201	271
132	207
386	191
413	424
37	515
358	175
364	186
97	222
171	266
121	242
71	508
79	338
117	242
357	197
222	322
72	572
222	322
409	431
50	545
340	553
81	327
75	352
243	305
56	336
50	509
114	225
78	220
368	190
117	583
213	245
121	208
208	244
403	445
54	557
93	217
328	538
418	426
417	426
70	333
417	426
59	474
404	438
349	516
383	213
137	246
178	236
333	551
433	433
229	314
61	522
97	247
222	322
433	433
424	443
368	190
183	300
104	233
236	322
62	516
402	450
236	322
172	260
116	216
202	304
70	502
365	206
56	336
78	220
329	567
241	299
234	254
129	551
105	552
105	557
110	588
424	443
113	625
120	205
47	501
186	261
236	322
121	208
424	420
91	235
355	202
420	444
106	205
246	296
248	302
363	189
359	186
106	561
326	524
61	330
125	246
184	307
299	518
422	446
109	554
74	335
215	272
59	526
109	554
110	243
421	455
347	523
72	540
195	256
352	559
105	517
178	236
175	254
358	545
184	250
201	268
74	335
433	433
62	339
363	184
92	220
210	294
71	508
411	430
176	233
146	259
59	497
132	536
137	554
71	508
126	219
366	202
416	437
172	260
415	434
429	422
231	262
356	185
50	509
137	554
81	327
106	205
328	174
350	200
104	239
112	257
38	331
355	529
185	267
113	553
368	190
110	596
423	436
59	348
111	215
347	523
91	235
131	262
107	246
194	254
120	539
65	334
379	179
107	581
245	291
198	253
64	522
195	290
107	246
115	219
124	565
247	318
120	205
94	552
355	532
145	226
184	250
94	539
62	507
226	290
56	325
433	433
362	194
65	326
117	242
100	197
411	430
257	289
108	266
403	424
356	185
361	173
119	231
180	275
115	558
108	223
80	544
206	283
413	446
212	247
124	565
439	435
328	538
215	272
423	436
105	517
356	185
107	562
355	190
360	524
234	281
111	525
64	522
124	565
403	445
370	549
347	523
105	557
114	226
129	551
103	506
172	260
184	250
239	283
112	573
105	557
335	533
82	574
121	242
413	427
227	288
347	523
245	287
70	502
132	536
198	307
42	335
75	509
75	352
326	524
358	545
415	434
184	250
112	573
355	532
135	571
311	524
103	506
383	181
208	257
404	440
89	525
403	424
106	557
264	282
190	260
243	265
412	435
181	249
402	421
59	317
109	551
421	455
107	599
68	340
85	524
113	553
75	325
180	275
338	539
178	236
107	246
55	330
250	284
383	181
356	185
111	525
366	529
56	336
206	283
229	280
107	557
324	540
110	596
308	541
120	539
53	516
47	501
355	529
154	232
388	184
178	274
424	443
360	190
198	253
260	281
184	307
113	553
60	499
60	325
91	235
357	185
52	326
145	226
198	307
234	314
58	270
245	287
239	283
231	294
187	252
213	245
409	442
71	344
80	329
190	272
62	339
80	536
417	426
404	438
229	314
63	520
225	250
232	281
68	341
224	260
104	538
231	262
195	290
91	258
54	520
111	521
125	246
201	271
107	548
231	294
92	239
50	523
363	184
233	271
317	510
62	319
263	270
119	574
91	264
162	252
91	235
110	528
372	192
338	539
239	283
115	558
64	336
208	257
229	286
327	548
232	293
238	310
357	185
379	554
104	575
423	436
208	244
195	290
365	165
114	260
328	538
327	548
379	554
176	233
56	349
308	541
106	557
107	552
75	352
420	444
45	328
44	509
418	453
366	529
23	514
409	431
346	567
208	244
417	426
403	424
77	340
201	271
126	569
116	216
403	445
56	325
42	335
182	262
125	558
59	317
222	322
399	439
80	544
104	538
234	281
121	208
181	287
415	447
358	545
418	421
146	259
40	326
59	526
260	281
89	525
244	279
47	501
6	485
224	260
141	542
172	260
132	207
240	299
98	253
406	450
198	307
338	539
317	510
190	272
347	188
198	307
55	312
23	514
336	538
136	235
366	202
120	539
346	180
105	557
52	504
234	281
185	231
411	430
106	569
126	562
408	429
98	569
114	225
391	435
208	244
172	260
210	294
258	327
368	190
202	304
95	241
63	342
109	551
78	220
79	531
186	261
59	526
65	326
97	222
68	340
105	517
112	565
94	567
308	536
92	220
108	223
107	246
131	262
118	596
231	294
231	294
56	349
119	215
100	565
431	439
75	325
219	269
74	335
392	421
100	197
208	257
162	252
189	257
248	302
369	191
59	348
415	447
126	219
175	254
415	434
222	322
181	287
110	243
40	326
99	540
383	181
365	196
175	254
99	540
75	325
338	521
70	333
93	217
201	268
117	242
439	435
107	246
337	524
47	501
92	239
328	538
421	455
340	544
108	266
108	266
201	271
95	280
343	197
414	430
185	267
72	572
386	198
229	280
108	266
355	532
355	198
58	332
346	567
311	524
145	226
185	231
163	274
99	540
368	190
185	267
245	291
359	164
83	216
81	319
55	330
355	529
110	243
324	540
161	259
360	524
70	333
86	574
61	330
355	195
98	576
178	282
93	258
364	186
403	445
175	254
50	509
383	213
59	317
373	182
241	299
183	260
80	544
58	332
245	287
129	551
94	539
360	190
145	226
40	326
248	269
112	565
343	197
366	529
215	239
94	552
221	279
105	557
86	574
107	246
337	533
316	528
347	523
70	333
86	574
366	529
70	502
356	183
225	250
61	337
100	565
343	535
110	243
172	260
70	502
208	257
360	524
205	236
238	246
424	420
417	426
132	207
61	337
328	538
245	249
189	257
82	574
122	242
121	234
241	299
104	575
135	571
346	180
238	310
78	220
78	536
363	202
370	200
59	497
243	265
360	190
337	533
113	553
107	581
104	575
80	329
184	250
111	521
103	522
125	558
52	555
107	557
327	548
114	226
85	517
404	440
429	422
371	189
232	281
65	330
56	325
371	189
362	194
173	264
75	509
402	464
109	220
241	299
107	581
58	270
208	244
120	205
260	281
137	246
195	290
363	204
64	336
417	437
373	199
56	325
232	279
37	531
218	219
63	342
89	525
178	282
346	180
418	444
121	234
61	330
260	281
102	611
136	235
186	261
400	447
391	435
176	233
418	453
39	493
91	257
121	208
92	239
107	548
184	250
54	557
63	520
108	266
366	535
213	245
82	574
47	501
105	543
70	502
329	567
175	254
59	348
124	565
176	233
408	431
80	544
75	305
415	447
365	196
91	264
418	426
358	175
403	445
91	264
379	554
94	552
50	509
95	280
336	538
145	226
336	538
359	186
59	317
118	596
231	262
341	571
234	314
53	516
50	335
260	281
362	194
424	432
403	421
107	552
105	543
72	540
65	334
208	257
386	198
115	567
413	446
308	541
92	239
362	553
355	202
146	259
47	346
105	552
63	520
97	247
161	249
79	338
105	552
104	538
225	250
111	525
219	269
100	197
87	593
361	173
383	181
56	333
119	215
243	265
114	225
106	561
89	525
121	234
311	524
244	237
360	190
243	305
63	342
129	542
86	574
262	282
424	443
247	318
232	279
176	233
353	521
317	510
102	611
403	445
426	433
110	215
343	197
360	190
126	600
75	334
416	440
128	547
52	326
404	438
353	521
399	439
92	239
79	338
236	322
201	268
99	558
137	246
108	266
373	182
227	288
113	553
208	257
366	202
236	322
422	440
97	247
72	572
257	289
42	335
371	189
347	523
113	553
86	512
317	510
229	286
54	557
346	180
178	296
94	552
37	531
59	497
155	582
420	430
71	508
70	342
173	264
337	533
162	252
200	267
61	330
232	293
100	197
126	562
403	445
100	254
404	440
240	299
358	545
184	307
81	334
112	565
63	520
215	239
104	227
418	421
431	439
402	450
85	609
196	273
36	539
338	539
152	290
234	254
58	270
115	544
212	247
56	333
224	260
17	499
413	415
371	189
399	439
416	441
336	538
86	574
50	545
417	426
231	294
333	521
417	426
39	493
392	421
141	542
263	270
241	299
332	513
104	575
61	324
117	583
418	426
368	178
346	567
108	223
424	432
137	554
56	332
341	571
55	312
104	538
107	562
128	237
418	446
59	497
106	205
120	205
234	254
69	538
94	539
333	551
338	539
56	535
136	235
329	528
422	446
250	284
136	235
52	504
402	421
67	341
336	538
399	439
416	441
60	325
234	281
178	296
65	334
74	335
178	296
86	512
236	322
416	441
102	611
328	174
337	524
67	484
391	435
128	547
179	231
219	269
242	272
409	431
234	281
56	333
221	279
68	340
184	307
116	216
215	239
60	325
81	319
85	517
46	335
368	190
68	340
391	435
336	538
337	524
190	260
71	508
89	533
95	241
114	226
108	223
364	186
129	551
195	256
106	569
184	250
232	293
161	249
72	572
413	424
125	225
94	552
359	186
343	535
119	574
137	554
341	571
171	266
168	283
94	552
106	561
337	533
46	335
168	283
420	430
234	314
355	202
404	428
105	552
368	190
68	341
161	249
362	553
239	283
399	451
125	225
54	520
178	236
115	558
110	588
118	573
40	326
210	294
350	200
122	228
126	600
161	249
328	174
68	340
81	334
61	324
61	324
227	288
39	493
308	536
411	430
400	447
333	521
239	280
107	562
72	540
75	352
97	247
37	531
417	437
196	273
234	314
104	538
426	433
244	279
56	333
114	226
195	256
80	544
248	269
349	516
208	257
220	290
344	564
125	225
347	188
337	524
120	576
59	474
51	497
404	438
422	446
152	290
226	290
329	567
379	179
119	231
52	504
112	573
413	424
362	194
100	197
100	565
104	227
353	521
45	328
219	269
229	314
362	553
422	450
44	509
67	341
173	264
6	485
403	436
105	517
346	567
69	538
23	514
105	517
115	558
416	437
328	538
181	287
128	237
363	204
188	283
347	188
213	245
75	325
416	440
218	219
117	242
402	450
126	600
373	199
38	331
129	551
178	282
245	294
137	554
117	242
63	520
355	532
85	609
38	331
130	250
416	441
120	591
201	271
195	290
355	529
117	583
357	197
56	333
107	557
80	544
70	342
168	283
238	246
59	526
414	430
39	493
100	197
357	185
86	512
183	260
126	569
86	574
391	435
414	430
386	191
107	246
61	337
40	326
98	253
109	554
175	254
205	236
257	289
415	434
115	567
132	585
424	420
70	333
429	422
418	446
115	558
413	446
78	536
400	447
185	231
346	494
416	441
59	474
196	273
162	252
130	250
129	551
344	564
122	242
91	235
112	257
352	559
155	582
206	283
363	204
125	239
91	258
126	569
85	517
55	330
55	330
115	558
109	554
59	497
115	228
231	262
110	596
75	334
208	244
366	202
72	540
137	554
400	447
130	250
107	562
335	533
64	336
368	190
399	451
411	446
36	539
121	234
178	282
68	341
59	497
50	523
117	242
145	226
128	237
418	446
424	443
121	208
61	324
402	464
119	574
136	235
106	205
217	239
400	447
219	269
80	329
115	219
337	524
421	441
126	569
326	524
113	553
403	424
399	439
418	421
386	198
107	246
75	305
82	574
75	305
111	235
173	264
422	446
379	179
231	262
111	521
414	430
343	197
91	257
373	199
264	282
372	187
340	553
370	549
59	497
195	256
50	335
126	219
45	328
420	430
429	422
403	424
403	424
201	268
60	495
178	274
161	249
208	244
94	552
80	536
81	334
366	529
100	197
229	280
78	220
350	200
121	234
50	509
168	283
110	215
357	185
231	294
121	242
105	557
370	200
81	319
104	239
429	422
114	226
117	583
213	245
326	524
368	190
221	275
357	197
115	219
250	276
417	426
337	533
242	272
131	262
202	304
116	216
50	545
70	502
126	600
50	509
65	326
97	247
418	444
106	569
411	430
155	582
404	440
52	555
333	551
413	446
215	272
245	287
413	415
402	450
111	215
341	571
232	279
355	532
164	263
264	282
52	555
238	310
368	190
426	433
70	476
65	330
424	443
62	516
125	246
38	331
109	220
129	551
47	501
37	515
105	543
415	434
184	307
178	296
162	252
125	558
118	573
403	421
111	521
109	551
231	294
379	554
53	516
399	439
55	312
125	246
109	551
198	307
85	609
178	236
52	504
412	435
238	310
106	569
347	188
229	280
341	571
202	304
422	446
138	587
97	222
221	275
94	539
219	269
208	257
122	242
194	254
86	574
227	288
100	254
372	192
379	554
111	525
356	183
100	197
340	544
54	557
196	273
343	535
56	349
71	508
117	242
125	558
238	246
126	562
424	420
338	539
242	272
181	287
198	307
70	476
74	335
266	279
363	184
55	330
239	280
231	294
201	271
100	565
179	231
106	557
343	197
152	253
132	546
178	274
366	529
67	341
68	340
104	233
409	436
229	286
115	558
379	554
55	312
164	263
422	440
118	596
350	200
110	573
424	420
188	283
194	254
344	564
212	247
131	262
95	280
108	266
114	563
55	330
79	531
95	280
83	216
263	270
132	536
131	262
418	421
107	562
121	242
37	531
439	435
103	522
50	509
350	200
408	431
232	281
55	330
145	226
263	270
208	257
232	279
363	202
126	219
71	508
54	557
52	555
164	263
180	275
68	340
370	200
68	341
17	499
391	435
366	529
87	593
358	545
114	226
50	545
409	431
195	290
392	421
416	441
422	450
37	531
391	435
114	226
238	246
234	254
181	249
178	282
316	528
383	213
403	424
6	485
414	430
72	540
365	206
56	332
71	508
23	514
72	572
63	342
355	529
50	545
62	339
93	258
56	535
52	555
128	547
98	576
130	250
38	331
132	585
94	552
104	227
317	510
37	531
392	421
409	431
99	540
112	565
264	282
110	528
60	325
370	549
98	569
58	332
337	533
224	264
113	625
62	339
184	250
91	235
130	250
439	435
164	263
98	253
131	262
355	198
117	242
368	178
65	330
338	539
363	184
56	336
185	267
131	262
421	441
250	284
95	280
408	429
108	266
217	239
218	219
100	565
245	249
368	190
80	536
363	555
72	497
60	495
82	574
136	235
88	238
239	283
72	540
115	544
347	188
356	185
338	539
237	291
198	307
358	545
72	572
111	521
83	216
413	424
241	299
99	558
146	259
62	507
340	544
333	551
100	197
337	524
63	520
47	346
412	435
229	286
112	565
55	330
132	536
88	238
61	330
215	272
413	424
113	625
37	515
100	197
138	587
347	188
355	195
416	441
368	190
61	330
179	231
358	545
93	217
413	446
56	333
178	236
188	283
132	546
355	195
53	531
114	563
112	565
413	424
45	328
103	522
185	267
54	520
106	569
355	203
429	422
56	325
379	179
71	344
104	239
328	538
121	242
357	185
220	290
373	199
250	284
363	555
229	280
262	282
111	525
232	281
355	529
341	571
112	257
424	420
190	272
336	538
402	450
234	281
103	522
114	563
110	215
59	474
168	283
108	266
424	432
431	439
105	557
421	455
120	591
231	294
63	342
433	433
212	247
257	289
81	334
311	527
86	512
86	512
105	543
126	562
59	317
197	300
260	281
91	264
346	180
112	565
119	574
190	272
111	521
132	585
233	271
91	264
350	200
115	544
413	446
366	202
346	180
208	257
88	238
52	504
183	252
161	249
311	527
415	434
92	220
439	435
59	526
363	204
343	197
116	216
431	439
404	428
357	197
184	250
118	573
68	341
201	271
75	334
355	529
56	336
72	497
95	280
362	553
343	197
400	447
89	525
234	281
421	455
338	539
120	576
231	294
52	555
418	426
408	429
111	235
183	260
366	529
58	332
6	485
370	200
217	239
413	424
59	474
85	205
417	426
210	294
355	202
361	173
245	291
112	565
409	442
64	336
109	554
355	190
402	450
238	246
229	286
61	324
431	439
405	428
363	202
168	283
53	516
358	545
333	521
98	253
327	548
355	190
340	544
355	529
233	271
79	531
416	440
180	275
89	525
201	268
59	474
53	516
111	525
68	340
257	289
337	524
208	257
53	516
362	553
182	262
421	455
56	332
368	190
75	509
343	197
221	279
329	567
23	514
233	271
355	195
75	325
386	191
130	250
245	291
112	565
86	512
17	499
68	340
97	222
46	335
408	429
83	216
78	536
122	228
61	330
112	565
104	575
107	557
55	312
338	539
120	205
333	551
182	262
364	186
352	559
119	215
186	261
220	290
39	493
82	574
411	430
54	557
362	553
61	337
61	522
71	344
418	444
363	204
95	241
121	242
120	576
136	235
47	346
163	274
97	247
343	197
344	564
98	569
337	533
61	324
195	256
347	523
37	515
64	336
38	331
83	216
107	552
56	349
232	293
183	260
421	441
70	333
75	352
337	524
417	437
232	281
126	569
40	326
327	548
383	213
363	526
178	274
56	332
107	557
41	522
422	446
357	185
100	565
200	267
232	293
245	294
91	235
181	249
424	420
56	336
137	554
50	545
224	264
195	290
106	569
60	495
100	254
197	300
129	551
413	424
73	344
100	254
40	326
366	535
72	572
186	261
311	527
107	246
50	523
217	239
329	528
138	587
420	444
257	289
418	421
194	254
248	302
218	219
53	516
72	497
431	439
332	513
162	252
424	443
200	267
129	542
161	249
45	328
72	497
195	290
403	421
245	287
328	174
82	574
81	334
112	573
6	485
107	581
50	335
358	545
59	317
126	600
17	499
215	272
243	305
118	596
206	283
336	538
141	542
62	339
422	446
132	536
242	272
343	197
418	453
206	283
232	293
299	518
70	342
359	186
50	335
116	216
262	282
110	596
359	186
107	557
335	533
243	265
350	200
346	180
352	559
95	280
363	204
363	202
355	195
187	252
234	254
411	430
77	340
368	190
72	572
128	547
220	290
62	516
198	307
421	441
183	260
238	310
86	512
119	215
178	282
61	330
111	215
72	572
50	335
168	283
114	226
364	186
215	239
83	216
107	555
106	581
60	495
59	474
180	275
236	322
391	435
124	565
340	553
404	428
409	436
220	290
107	581
363	204
129	551
346	567
372	192
146	259
405	428
111	521
61	522
125	246
75	334
61	324
119	574
61	324
56	349
356	185
62	319
219	269
136	235
51	497
88	238
79	338
245	294
106	557
368	190
363	555
246	296
59	348
113	553
124	565
349	516
210	294
78	220
141	542
51	497
257	289
229	280
409	436
104	575
308	536
132	546
221	279
75	305
403	445
81	334
117	583
62	516
363	184
317	510
178	274
106	581
182	262
357	197
125	225
414	430
201	271
39	493
72	497
237	291
161	249
362	194
424	443
100	197
91	264
105	552
111	235
222	322
50	509
183	252
262	282
114	563
232	279
60	325
107	599
120	539
332	513
335	533
53	516
366	529
189	257
403	421
126	600
44	509
264	282
54	557
243	265
366	529
414	430
329	528
234	254
221	275
64	522
93	217
115	219
83	216
219	269
232	279
81	334
368	190
132	585
36	539
104	227
81	327
356	183
146	259
234	314
337	524
404	428
107	581
111	215
350	200
198	307
201	268
355	190
155	582
85	609
59	497
257	289
403	424
74	335
61	330
372	192
68	341
50	335
100	254
355	190
122	228
59	526
299	518
355	195
106	205
128	547
181	287
155	582
50	549
113	553
178	236
120	539
197	300
56	332
229	314
241	299
415	434
53	531
113	553
161	249
412	435
54	520
185	267
132	536
365	206
241	299
361	173
370	185
107	599
133	246
195	256
136	235
337	533
262	282
423	436
197	300
62	516
409	436
120	539
234	254
63	342
61	522
232	279
78	536
103	522
215	239
110	528
122	228
400	447
107	246
89	525
75	325
73	344
58	332
111	235
97	247
82	574
340	544
126	562
100	565
75	509
420	444
114	563
350	200
232	293
113	553
421	455
416	440
106	205
95	241
355	202
52	326
122	242
91	257
357	197
416	437
418	446
355	532
311	527
61	337
67	341
93	217
233	271
406	450
50	545
100	197
238	310
61	522
388	184
116	216
111	215
70	341
184	250
176	233
65	326
70	342
89	533
100	197
80	544
347	188
329	528
63	342
344	564
231	262
373	182
183	252
80	536
137	246
355	202
137	554
106	557
111	525
78	220
52	326
217	239
198	253
266	279
78	220
403	424
196	273
113	553
198	307
73	344
231	294
231	262
250	276
129	551
61	330
119	231
188	283
349	516
358	545
115	228
368	190
107	581
110	573
62	319
98	253
92	239
182	262
107	557
217	239
189	257
405	428
368	190
137	246
59	317
62	339
64	522
112	257
80	329
406	450
172	260
413	427
338	521
63	342
221	279
54	520
422	450
105	552
66	342
364	186
104	575
114	260
372	187
422	446
247	318
81	334
56	349
132	546
181	287
388	184
248	269
179	231
415	447
59	317
89	533
152	290
121	208
355	195
55	330
91	235
329	567
105	543
231	294
333	521
363	184
60	499
328	538
324	540
202	304
221	279
65	326
63	520
237	291
98	569
132	207
227	288
205	236
364	186
74	335
224	260
180	275
168	283
104	239
242	272
362	553
409	442
60	495
343	197
109	551
244	279
85	609
181	287
161	249
311	524
379	554
67	484
164	263
429	422
121	234
63	342
56	535
146	259
132	207
368	190
137	246
248	302
115	228
243	305
423	436
416	440
403	424
420	444
208	257
87	593
93	258
50	523
70	333
73	344
95	280
416	441
257	289
161	249
349	516
109	554
106	561
73	344
52	555
106	561
424	443
120	205
408	431
94	567
55	330
421	441
248	269
56	336
161	249
208	244
100	254
198	307
224	260
86	574
234	254
61	324
119	245
109	551
114	226
124	565
70	502
413	415
346	494
215	239
83	216
352	559
107	562
105	557
54	520
201	268
75	509
71	344
372	187
59	497
162	252
245	249
404	428
183	260
108	266
180	275
126	569
327	548
418	421
324	540
413	415
403	436
179	231
82	574
329	528
56	333
110	596
409	442
358	175
120	591
337	533
75	334
78	536
242	272
60	325
222	322
145	226
58	332
439	435
163	274
92	220
36	539
262	282
89	525
198	307
209	243
136	235
99	540
413	427
106	205
85	205
52	326
368	190
409	436
358	175
105	517
333	521
107	552
215	272
189	257
189	257
338	539
107	581
328	174
56	333
176	233
79	531
391	435
113	553
200	267
439	435
117	583
95	280
328	538
179	231
399	439
414	430
94	539
44	509
164	263
355	532
355	195
363	526
94	539
73	530
326	524
132	546
66	342
368	190
240	299
103	522
184	307
110	528
128	547
353	521
118	573
439	435
202	304
121	234
56	336
106	557
424	432
341	571
242	272
243	265
56	332
355	532
201	271
126	600
221	279
308	541
411	446
80	536
152	253
36	539
110	243
202	304
343	197
372	187
85	205
317	510
225	250
172	260
355	203
119	231
352	559
98	576
113	553
117	583
186	261
356	183
365	196
338	521
238	246
363	204
404	438
333	521
46	335
104	239
47	346
109	220
219	269
106	581
178	282
364	186
81	319
110	596
80	536
53	325
408	431
343	197
404	428
78	536
56	332
344	564
111	521
50	335
86	574
424	420
317	510
183	260
45	328
107	246
403	424
181	249
213	245
92	220
54	557
93	217
181	287
219	269
178	282
224	264
399	439
402	450
195	256
99	540
415	434
126	600
184	307
107	555
111	215
85	205
424	432
126	600
178	282
340	553
361	173
413	427
162	252
154	232
341	571
352	559
120	591
220	290
121	234
106	557
366	535
413	424
341	571
239	283
60	499
218	219
344	564
418	444
333	521
67	484
81	334
355	202
61	522
107	552
328	538
372	187
132	585
70	502
64	522
316	528
60	325
80	536
46	335
52	504
135	571
232	281
417	437
365	206
95	280
55	312
92	239
336	538
372	192
62	339
237	291
226	290
404	428
115	544
78	220
74	335
364	186
70	476
80	544
359	186
218	219
258	327
106	557
70	502
240	299
47	346
372	187
324	540
391	435
379	179
17	499
55	312
95	241
162	252
137	554
120	591
103	522
350	200
115	228
107	555
154	232
72	572
75	305
198	307
186	261
215	272
114	260
89	525
45	328
37	531
182	262
327	548
119	215
231	294
346	494
59	317
106	569
80	544
340	553
239	280
184	307
178	274
125	239
74	335
97	247
332	513
126	219
208	257
355	532
111	521
366	535
47	501
109	554
422	446
85	517
78	536
350	200
198	253
59	348
37	531
59	317
56	349
74	335
120	205
198	307
109	554
46	335
146	259
409	436
392	421
141	542
181	287
357	197
67	341
86	574
400	447
113	553
119	574
420	444
215	272
119	245
416	441
55	330
220	290
263	270
350	200
50	509
355	190
231	262
171	266
420	430
100	565
78	220
350	200
373	199
366	529
366	535
355	529
363	189
399	451
79	531
180	275
364	186
355	195
66	342
370	200
187	252
86	512
107	557
189	257
75	325
327	548
212	247
122	242
347	523
227	288
56	537
62	319
106	205
332	513
59	474
121	234
97	247
201	268
103	522
80	544
183	260
224	264
89	533
94	567
237	291
113	625
356	185
85	524
183	260
110	573
215	239
229	286
340	544
241	299
371	189
368	190
122	242
70	342
172	260
98	253
346	494
182	262
439	435
418	421
340	553
356	183
111	235
234	314
206	283
36	539
402	421
107	557
86	574
240	299
104	575
422	446
220	290
429	422
352	559
119	245
102	611
99	540
233	271
6	485
106	205
126	569
215	239
97	247
363	189
120	205
115	228
81	319
105	543
168	283
413	415
75	325
62	319
224	264
408	429
355	198
61	330
120	205
343	535
355	198
405	428
176	233
403	436
37	515
78	536
56	336
97	222
403	436
70	342
370	185
107	548
433	433
416	441
110	596
362	194
363	526
338	539
350	200
126	562
128	237
355	190
80	329
119	574
340	553
420	444
56	325
328	538
55	330
106	205
104	239
70	342
420	444
61	522
129	542
245	287
402	450
349	516
71	344
357	185
349	516
59	497
115	558
115	558
175	254
337	533
329	528
212	247
105	557
356	185
106	569
202	304
418	421
88	238
402	421
357	185
239	280
231	262
198	307
340	553
119	574
125	246
429	422
109	551
80	329
190	272
171	266
105	517
73	344
133	246
154	232
110	215
371	189
103	522
358	545
352	559
250	276
184	307
416	440
184	307
133	246
336	538
178	236
227	288
416	441
99	558
111	215
311	527
416	441
317	510
98	569
365	196
364	186
40	326
417	426
415	447
366	535
105	557
243	305
53	516
372	187
38	331
243	265
122	242
67	341
109	554
65	330
55	312
194	254
68	340
416	437
344	564
220	290
66	342
113	553
72	497
94	552
343	197
94	539
54	520
107	581
58	270
79	531
135	571
368	190
190	272
368	190
188	283
413	427
172	260
360	524
68	340
117	583
50	509
110	215
132	585
111	521
107	548
107	581
202	304
105	557
107	548
46	335
119	245
399	451
38	331
130	250
105	543
328	538
234	314
118	573
132	546
379	179
55	312
60	325
262	282
37	515
222	322
79	531
178	282
120	539
163	274
81	327
119	231
232	293
183	260
86	574
404	438
236	322
146	259
299	518
400	447
126	562
141	542
363	184
109	554
213	245
67	484
128	237
41	522
59	474
238	310
383	213
80	329
352	559
362	194
372	192
311	527
68	340
413	424
358	545
225	250
56	336
106	581
117	242
54	520
408	429
41	522
359	186
130	250
391	435
210	294
56	333
361	173
128	547
210	294
173	264
356	183
226	290
187	252
53	325
119	245
115	544
317	510
188	283
411	446
349	516
45	328
82	574
86	512
232	293
244	237
369	191
104	227
247	318
176	233
404	428
108	266
109	220
404	438
91	264
360	190
338	521
181	249
180	275
365	165
363	526
105	557
137	246
188	283
373	182
115	544
333	521
231	294
406	450
98	576
56	535
205	236
125	558
80	536
370	549
104	227
185	231
100	197
56	336
210	294
244	279
126	600
215	239
408	431
121	234
113	553
58	270
110	588
184	307
89	525
417	426
362	553
229	286
426	433
91	258
364	186
359	164
404	438
73	530
355	203
190	272
52	326
115	558
352	559
212	247
17	499
416	441
362	553
59	474
411	446
347	523
194	254
46	335
248	269
244	279
232	281
247	318
406	450
316	528
197	300
317	510
72	497
126	219
98	576
340	544
104	233
371	189
185	231
62	516
72	572
62	319
224	260
308	536
308	536
353	521
104	239
236	322
41	522
368	178
366	202
126	600
115	228
188	283
100	197
112	257
258	327
118	573
180	275
328	174
327	548
349	516
344	564
195	290
370	549
155	582
98	253
231	262
50	523
94	539
355	532
130	250
359	186
68	341
368	190
229	314
133	246
85	517
186	261
264	282
88	238
106	205
184	250
60	499
105	552
137	554
59	497
114	226
110	528
129	551
39	493
418	421
431	439
79	531
183	300
78	220
85	524
98	569
59	474
201	271
47	346
58	270
164	263
221	275
111	521
220	290
243	305
75	334
412	435
52	504
128	237
64	522
111	521
62	319
198	253
243	265
184	307
178	236
79	338
70	333
108	223
122	228
128	237
85	205
110	243
111	235
93	258
219	269
327	548
176	233
392	421
53	531
246	296
114	225
75	509
67	484
234	281
349	516
75	305
97	222
186	261
104	227
406	450
248	269
359	186
421	441
75	352
417	437
406	450
414	430
231	262
119	231
112	257
86	512
340	544
260	281
424	432
422	450
356	183
105	543
104	227
107	599
70	502
65	326
229	280
129	551
93	217
56	537
424	420
403	445
405	428
107	552
212	247
161	249
109	554
68	341
74	335
75	352
50	549
220	290
201	271
89	533
365	196
168	283
349	516
422	440
117	242
370	549
162	252
408	431
355	195
206	283
333	551
263	270
105	557
439	435
102	611
104	233
47	346
128	547
368	190
424	432
181	249
178	236
67	484
82	574
107	552
245	287
132	536
239	283
413	424
128	237
180	275
178	236
185	231
178	236
124	565
411	430
415	434
42	335
421	441
406	450
130	250
65	334
409	431
413	415
411	430
121	208
415	447
81	334
85	205
85	205
69	538
38	331
36	539
363	184
229	286
115	567
100	254
231	294
103	522
115	558
105	517
416	437
421	441
155	582
75	352
183	260
185	267
132	546
417	437
383	213
86	574
264	282
408	431
424	432
50	523
429	422
112	573
373	182
413	424
120	205
119	574
51	497
210	294
402	450
161	249
61	522
403	436
359	186
341	571
311	524
368	190
125	558
105	552
392	421
161	259
234	254
231	294
372	192
115	219
126	562
338	521
421	441
163	274
416	437
65	326
126	219
355	198
60	495
120	576
399	451
108	223
247	318
38	331
308	541
182	262
61	337
53	516
66	342
178	274
65	330
50	335
232	279
171	266
218	219
190	260
75	334
115	567
420	430
365	206
370	200
67	484
94	567
201	271
197	300
328	174
46	335
75	305
418	426
338	539
422	446
72	497
50	545
359	186
146	259
238	246
362	194
81	327
113	625
64	522
108	266
112	573
198	253
85	205
356	183
368	190
422	450
62	516
93	217
244	279
53	516
347	523
335	533
333	521
120	205
333	521
190	272
416	440
56	333
62	339
326	524
65	334
357	197
368	190
370	549
59	526
95	241
93	258
56	332
105	517
111	215
233	271
353	521
433	433
244	279
110	596
94	567
213	245
413	415
232	279
232	279
363	555
413	415
61	522
72	572
372	192
363	555
424	420
416	440
179	231
80	544
112	257
110	573
422	446
67	484
99	540
416	437
360	190
368	178
64	336
68	341
340	544
104	538
201	268
106	205
164	263
128	237
224	264
111	521
115	228
75	305
50	335
106	557
358	545
121	242
72	540
62	516
85	524
100	565
201	271
356	185
246	296
99	540
92	220
212	247
80	544
242	272
132	585
108	223
226	290
215	239
137	246
112	573
81	334
317	510
120	205
98	569
105	557
132	207
347	188
97	222
186	261
53	531
317	510
370	185
125	239
357	185
418	446
236	322
222	322
418	426
353	521
215	272
353	521
107	552
340	553
128	237
50	509
92	220
126	569
409	436
245	294
145	226
45	328
59	526
52	326
234	314
333	551
92	220
379	179
358	175
81	327
130	250
195	256
183	252
363	555
365	206
52	504
110	243
383	213
155	582
414	430
200	267
120	591
201	271
409	431
210	294
403	436
349	516
379	554
75	509
75	334
111	525
129	551
194	254
429	422
161	259
70	333
405	428
146	259
50	549
355	532
42	335
131	262
80	329
105	517
118	573
94	567
180	275
317	510
231	262
189	257
119	245
353	521
299	518
190	272
85	205
161	249
245	294
107	548
117	242
240	299
97	247
338	539
352	559
119	231
237	291
357	197
238	246
232	293
363	555
421	455
89	525
248	269
125	246
136	235
198	253
94	552
243	265
86	512
71	344
363	189
350	200
328	538
65	334
208	257
343	535
416	440
125	558
205	236
337	533
359	164
124	565
195	290
195	290
71	344
346	180
94	567
75	352
114	563
119	245
245	291
178	236
433	433
232	293
138	587
111	525
71	344
87	593
411	446
208	257
132	536
125	239
40	326
260	281
23	514
213	245
243	305
240	299
61	337
114	260
79	531
112	257
175	254
205	236
340	553
38	331
422	440
244	237
175	254
237	291
64	522
50	335
117	583
245	291
81	319
70	476
125	239
105	552
79	531
402	450
181	287
81	319
208	257
118	573
409	442
97	222
336	538
415	447
118	596
350	200
70	341
404	428
227	288
65	334
386	198
197	300
93	258
104	575
63	342
121	208
88	238
245	294
264	282
179	231
23	514
423	436
50	335
240	299
333	521
403	445
71	508
409	442
107	548
311	527
363	189
366	535
55	330
124	565
110	243
229	286
115	219
409	436
329	567
241	299
250	276
363	204
420	444
122	228
409	436
73	344
40	326
93	258
68	340
183	300
145	226
106	557
50	335
426	433
63	342
6	485
128	237
112	257
46	335
391	435
98	576
369	191
50	509
184	307
226	290
414	430
356	185
132	207
52	326
328	538
119	245
120	205
75	352
117	242
110	596
93	217
224	264
404	428
332	513
91	235
91	264
250	276
241	299
79	338
107	557
107	599
60	325
59	497
99	540
40	326
100	197
106	561
198	307
418	444
403	436
409	431
55	312
46	335
65	330
92	239
163	274
104	227
352	559
107	246
83	216
344	564
112	257
23	514
422	446
344	564
250	276
56	325
175	254
56	349
58	332
233	271
53	325
110	215
400	447
141	542
73	344
219	269
352	559
45	328
109	551
239	283
104	239
104	239
114	563
257	289
248	302
372	187
104	538
110	215
78	536
329	528
420	444
299	518
23	514
95	280
439	435
46	335
104	227
197	300
260	281
78	536
327	548
104	538
62	507
417	437
37	515
411	430
190	260
409	431
299	518
365	206
399	439
388	184
161	259
181	287
117	583
197	300
229	314
403	424
63	520
180	275
50	545
70	342
359	186
59	348
110	588
359	164
61	337
379	554
59	474
426	433
126	569
66	342
85	205
439	435
108	223
404	428
257	289
355	198
100	565
53	516
412	435
352	559
125	225
340	553
187	252
6	485
420	444
183	252
110	573
79	531
368	190
51	497
137	554
71	508
333	521
110	215
250	276
416	440
400	447
190	260
413	446
368	190
415	434
181	249
54	520
373	199
413	424
355	198
260	281
104	239
355	532
201	268
47	346
81	327
87	593
64	522
38	331
353	521
85	517
173	264
245	249
209	243
188	283
146	259
85	524
67	484
360	190
85	609
132	536
332	513
363	555
89	525
108	223
154	232
73	530
62	507
347	523
113	625
98	569
343	197
162	252
132	546
357	185
358	175
104	538
218	219
244	237
239	283
50	523
206	283
250	276
110	243
141	542
118	596
236	322
421	455
155	582
183	300
23	514
55	312
95	241
190	260
53	516
117	583
355	195
114	226
386	191
47	346
356	183
80	329
260	281
106	205
197	300
358	175
125	225
44	509
111	521
244	237
424	420
50	335
129	551
110	588
126	569
56	333
328	174
115	228
75	305
73	530
355	529
56	336
125	558
372	187
122	242
311	524
183	252
107	246
232	281
299	518
421	441
128	547
78	220
416	437
187	252
135	571
372	187
168	283
231	262
91	258
422	440
245	294
386	198
326	524
114	225
70	342
229	286
356	183
195	256
161	259
55	312
227	288
107	246
326	524
59	474
422	446
415	434
244	237
114	226
80	329
138	587
336	538
50	545
433	433
161	249
110	573
194	254
152	290
229	314
225	250
416	440
50	549
341	571
234	254
125	558
97	222
340	544
311	524
226	290
93	217
226	290
196	273
73	530
68	341
133	246
363	184
241	299
402	450
91	257
205	236
365	196
224	260
227	288
138	587
132	585
50	545
126	562
62	507
94	539
75	509
162	252
45	328
418	446
104	227
145	226
45	328
53	516
418	453
110	528
68	341
154	232
117	242
404	438
110	596
222	322
58	270
110	588
89	533
402	421
93	258
132	585
402	421
232	279
141	542
119	574
112	257
181	287
75	334
234	254
356	183
183	260
233	271
113	625
239	283
368	178
99	540
132	546
79	531
338	521
58	270
379	179
64	336
237	291
206	283
114	260
50	545
326	524
355	532
53	531
110	528
137	246
355	202
54	557
129	542
362	194
105	543
105	517
65	334
356	183
38	331
372	192
58	270
110	588
355	190
97	222
229	280
221	275
104	239
426	433
198	253
171	266
406	450
359	186
311	527
346	180
163	274
109	554
182	262
137	554
327	548
262	282
107	562
329	528
56	349
366	529
72	540
373	182
61	337
92	220
299	518
63	342
222	322
236	322
186	261
55	330
162	252
99	540
50	335
114	225
73	530
73	344
336	538
423	436
119	231
53	531
238	310
98	569
50	335
386	191
369	191
98	569
81	327
403	424
105	557
109	220
200	267
346	180
221	275
370	200
114	225
220	290
386	191
408	431
52	326
111	235
60	325
124	565
409	442
372	187
79	531
104	233
105	517
50	335
328	174
365	165
336	538
176	233
118	573
308	536
161	259
126	219
72	540
245	291
365	206
135	571
239	280
234	314
232	293
403	445
206	283
238	310
71	344
411	430
56	332
244	279
224	260
181	287
52	504
104	239
415	434
402	421
71	344
332	513
245	294
386	191
185	267
371	189
62	516
72	497
98	253
194	254
404	440
341	571
362	553
424	443
111	525
403	445
81	327
161	259
