306	310
318	321
321	364
327	316
327	269
360	335
259	310
267	367
359	268
306	268
361	364
321	281
313	298
359	336
277	325
322	361
372	361
262	276
324	297
334	279
306	355
297	331
334	356
319	286
298	277
252	262
321	368
291	250
263	318
282	300
322	353
361	299
360	324
349	262
270	334
304	346
365	270
260	316
310	260
368	314
278	296
287	288
355	257
268	288
294	365
326	315
350	360
260	355
296	301
270	318
369	285
325	287
339	319
356	260
308	333
270	266
326	365
370	356
373	302
362	372
286	329
255	285
307	315
340	348
276	371
337	354
366	360
252	292
252	366
272	369
319	284
274	358
360	278
365	343
264	340
256	309
308	270
307	360
372	331
354	304
342	301
275	299
275	285
294	329
292	342
286	276
283	250
332	353
269	371
281	339
328	333
373	292
291	372
282	334
373	268
260	295
256	298
290	282
269	316
261	276
313	279
318	257
340	346
325	358
266	351
294	284
372	342
321	364
367	314
298	309
359	366
268	328
311	286
292	342
355	289
336	342
372	256
250	356
349	260
313	282
278	281
300	250
340	279
374	292
347	288
314	278
327	286
296	370
298	339
277	293
324	323
261	264
297	371
292	289
319	365
318	327
364	334
250	268
338	313
356	341
254	300
322	354
352	309
334	295
373	277
366	250
366	309
299	288
282	374
364	261
372	372
269	251
287	350
266	301
328	307
311	336
366	257
308	292
256	310
332	356
342	287
250	306
330	297
353	306
271	326
270	304
361	263
342	299
251	275
286	250
344	296
322	371
298	329
257	279
302	273
256	309
337	324
287	370
278	302
367	272
366	292
275	281
265	250
341	282
280	277
371	372
367	354
366	308
373	348
304	265
296	324
289	329
290	300
262	280
310	251
263	276
268	319
337	288
251	270
356	315
271	255
289	345
361	258
327	305
262	355
296	321
347	313
320	321
296	300
294	331
298	349
271	275
254	312
373	344
254	263
331	338
310	258
251	372
333	303
284	372
283	316
260	282
279	283
337	270
274	326
289	324
281	345
306	355
303	323
301	359
348	349
278	289
286	312
315	313
300	265
336	336
366	356
277	289
329	357
350	369
270	331
281	281
259	329
364	271
257	369
370	257
272	291
288	311
270	280
308	350
297	287
332	338
285	283
259	368
374	283
348	305
301	276
320	310
273	313
336	274
268	280
268	258
356	368
308	367
316	369
292	303
275	280
252	358
307	265
266	294
314	251
288	320
351	346
256	253
266	342
337	340
262	332
258	317
360	270
338	257
284	306
298	362
296	364
254	274
368	286
341	349
360	371
357	315
274	326
310	364
348	263
333	302
327	281
352	338
341	281
269	295
317	283
354	338
250	339
370	329
279	266
264	371
360	312
279	349
351	252
297	273
344	267
291	278
372	306
263	301
302	368
268	264
357	319
286	332
353	313
358	371
341	327
332	336
268	337
265	302
259	346
261	351
372	351
358	357
313	361
260	296
251	299
307	280
315	270
301	302
309	355
339	261
365	348
290	336
287	255
252	313
315	359
258	357
329	303
328	339
306	304
309	330
279	292
355	310
266	250
354	290
369	316
341	302
349	300
305	348
277	270
297	254
256	319
306	367
282	338
259	368
369	307
369	297
312	321
351	351
309	332
298	306
302	292
367	333
308	356
335	277
326	367
251	357
296	308
355	364
264	279
252	349
293	302
343	353
256	331
327	257
329	280
308	363
269	256
252	343
268	292
286	289
356	356
337	251
344	274
293	348
355	256
256	270
342	329
311	325
299	354
321	353
288	310
341	301
359	338
300	254
281	288
323	291
255	311
268	278
372	371
366	366
291	323
280	313
339	289
295	266
255	287
315	332
303	264
257	260
271	267
322	352
353	259
335	322
289	306
258	338
324	332
363	312
354	344
269	360
306	360
304	306
301	319
333	304
374	306
333	315
291	337
336	251
279	350
314	349
301	296
326	268
292	374
347	262
299	294
372	287
370	313
285	271
252	273
316	250
273	282
325	263
283	287
294	265
254	326
253	347
313	281
251	255
365	259
284	345
301	340
254	289
331	361
359	342
368	348
283	264
341	358
294	317
355	333
348	307
269	254
339	281
281	258
308	272
369	254
332	261
318	325
311	358
259	289
330	366
314	266
270	318
304	315
355	336
293	356
258	329
287	337
291	373
266	317
288	305
273	265
283	340
362	288
283	299
374	368
363	325
281	336
302	317
263	373
317	329
278	251
349	277
328	273
358	270
374	283
293	353
250	354
291	374
287	258
289	265
335	296
301	334
253	281
269	303
327	298
366	370
267	296
357	344
328	283
353	251
359	251
324	341
261	307
252	361
252	336
252	337
303	296
285	300
321	368
338	316
282	293
274	293
271	319
320	370
291	284
336	334
260	285
260	307
310	349
341	277
324	310
364	254
289	251
255	354
262	298
265	294
291	290
262	291
294	256
368	274
334	351
334	291
313	272
257	254
341	264
333	255
373	288
334	294
287	361
258	327
288	269
367	367
251	278
275	302
302	373
293	269
272	328
334	319
273	304
295	274
299	302
325	298
369	257
287	324
308	339
266	367
315	310
275	318
303	282
286	298
351	268
285	361
358	351
321	370
263	348
258	337
347	362
371	266
336	279
320	367
321	259
289	350
272	278
344	318
255	255
251	349
366	278
308	368
304	277
332	258
287	310
300	353
360	334
267	281
334	356
341	336
352	311
259	312
310	254
340	324
275	368
354	356
329	294
276	363
327	265
304	301
268	274
357	272
329	348
373	274
355	323
315	295
365	339
334	301
296	352
290	373
254	341
280	304
251	357
370	256
363	267
317	365
367	250
325	338
296	303
334	326
366	270
291	252
295	285
341	366
337	306
355	297
316	296
264	305
296	280
267	294
302	299
256	318
338	351
267	370
319	297
341	281
266	371
329	354
367	284
263	347
336	339
370	330
357	273
302	286
313	315
279	335
260	370
364	266
285	353
273	333
344	353
290	273
369	371
346	373
319	298
256	306
326	311
278	252
253	272
272	349
273	331
268	284
254	311
342	315
326	309
351	307
356	282
354	276
297	354
355	338
282	279
313	373
341	280
355	318
335	331
322	271
365	292
343	305
286	270
342	369
291	301
358	367
316	342
329	320
276	290
366	329
313	356
347	371
312	333
336	337
277	257
305	297
372	257
338	320
332	355
374	334
321	360
322	366
250	300
271	350
339	365
324	302
340	317
294	347
251	336
324	288
269	264
364	333
326	287
327	281
358	315
369	350
256	284
312	253
371	267
279	257
315	343
315	316
260	359
258	257
334	329
356	333
336	270
292	298
321	258
286	358
254	367
268	305
295	372
326	295
357	326
318	304
338	330
317	298
318	251
299	310
270	336
373	374
322	343
310	255
360	333
292	277
285	317
274	263
319	301
344	330
283	311
315	335
279	329
348	333
265	279
269	345
326	326
350	256
278	313
367	329
355	340
254	313
333	330
254	282
369	296
279	301
342	363
293	269
316	312
270	364
307	341
285	359
256	330
325	257
254	282
352	271
279	301
297	321
292	354
302	282
279	329
343	323
336	275
285	372
299	336
262	298
319	332
252	322
263	346
344	355
373	296
332	312
362	374
303	294
367	332
329	306
338	342
315	283
331	365
274	313
265	309
304	264
358	304
278	267
368	264
305	279
317	295
325	299
304	323
360	322
286	317
317	316
365	259
338	336
343	251
297	372
359	288
336	284
318	284
253	293
307	333
337	343
332	342
357	350
279	267
365	345
284	365
341	272
310	277
252	325
300	291
324	309
291	308
310	346
251	371
332	342
338	279
331	305
279	266
291	309
340	341
286	301
252	341
265	366
260	312
330	336
292	295
296	260
317	370
281	259
337	372
324	266
324	329
257	265
326	330
320	339
357	261
327	308
286	250
323	287
355	355
296	305
347	278
323	295
260	333
277	287
266	332
363	291
358	268
262	337
313	305
367	310
366	290
253	259
272	353
253	269
361	349
373	266
365	358
277	373
303	334
325	322
272	357
357	269
280	274
293	359
255	330
258	334
311	367
366	311
373	312
320	289
270	364
369	262
334	320
304	340
318	372
256	328
325	337
351	333
360	292
261	252
270	295
312	337
335	265
267	292
297	371
256	308
309	288
281	287
329	332
360	321
356	293
296	321
357	326
286	336
259	304
353	294
270	270
326	284
335	281
274	255
355	309
351	280
353	306
321	257
286	317
280	280
282	304
309	260
264	327
300	315
274	265
253	291
322	319
354	314
314	329
369	323
288	309
326	328
251	286
335	264
313	355
254	351
327	277
326	335
315	364
300	370
360	309
270	286
287	368
254	274
250	317
299	305
256	354
364	318
296	317
261	362
281	374
331	334
289	322
347	292
349	328
323	320
308	374
250	296
359	335
277	295
257	307
341	348
361	275
296	346
363	286
366	255
320	359
334	337
269	281
311	290
369	359
297	261
339	350
260	332
266	305
305	262
270	328
342	374
322	342
317	252
326	349
263	273
347	355
305	337
312	362
334	286
300	256
341	287
337	258
198	327
319	298
215	318
237	264
253	346
308	265
315	295
282	346
196	343
297	236
275	290
311	299
216	272
284	339
201	314
197	301
289	251
299	287
222	234
245	339
247	228
208	313
300	314
269	271
302	281
226	334
250	246
314	344
254	316
244	341
241	280
210	234
205	336
227	277
207	301
304	223
313	224
244	344
258	287
243	247
243	285
208	317
221	313
228	251
257	300
310	228
312	323
292	275
310	270
296	320
278	302
207	260
279	303
247	329
317	244
263	321
241	236
217	295
296	225
215	281
251	282
312	269
275	310
203	283
227	226
256	323
277	282
241	328
313	255
220	276
265	223
292	246
285	279
259	232
205	269
310	269
296	259
212	293
217	242
222	257
213	338
215	339
276	287
296	331
290	338
240	309
283	308
279	267
227	260
253	318
248	235
226	322
305	265
218	343
254	243
311	324
212	342
224	260
239	284
245	232
313	332
272	280
196	330
276	305
278	317
318	237
285	276
197	301
269	251
295	238
248	343
301	260
302	247
268	297
207	340
243	228
263	243
260	281
273	341
198	311
282	254
215	226
248	307
220	329
262	246
209	292
295	277
237	284
298	283
287	233
267	225
291	223
254	298
251	317
287	251
254	266
280	318
204	281
318	295
205	337
221	302
233	315
248	328
262	273
269	259
232	339
304	283
224	317
255	338
300	259
250	245
275	344
224	258
291	278
250	345
286	259
269	345
252	266
278	316
267	244
204	329
272	319
283	342
213	338
224	246
283	327
293	224
202	347
220	297
273	243
234	308
279	266
312	300
278	317
207	253
213	250
211	280
286	285
312	281
315	270
295	280
235	230
207	290
226	311
313	248
304	284
286	298
308	275
293	256
246	320
248	270
225	305
252	240
260	267
235	244
289	225
228	317
227	340
262	252
218	250
289	296
247	296
299	242
202	243
224	285
214	310
285	331
218	343
275	282
213	247
258	273
201	305
277	241
272	266
310	291
304	324
270	311
302	338
239	335
300	240
262	288
225	282
300	227
310	326
263	311
288	234
235	336
316	259
209	254
256	342
297	284
231	275
210	308
297	269
264	273
298	303
297	255
316	253
208	229
256	270
303	235
236	238
222	270
255	293
230	329
286	264
297	280
259	276
296	326
257	313
234	275
234	326
214	298
319	235
230	262
300	289
198	291
315	277
207	247
200	278
318	327
312	263
211	263
209	310
261	327
251	261
260	250
271	347
301	344
308	230
285	249
300	304
224	277
221	291
227	280
246	252
211	268
278	308
243	311
296	329
220	260
278	344
284	258
250	253
315	237
209	262
303	228
261	282
305	315
295	338
280	253
285	320
305	258
316	338
285	301
239	319
293	274
299	253
314	243
280	255
208	241
316	316
304	251
277	255
204	271
264	318
262	236
299	335
201	323
204	282
206	257
279	275
261	346
314	320
312	301
235	279
252	329
208	305
273	315
250	244
263	328
265	234
309	331
307	240
291	273
248	223
296	234
233	327
247	301
202	226
245	225
277	252
207	247
205	319
301	327
272	341
284	223
269	225
302	296
222	314
248	224
308	234
248	238
317	278
307	257
238	244
289	342
287	310
255	244
220	281
274	345
277	324
201	257
298	268
269	331
231	322
290	276
233	231
284	293
265	290
303	336
248	266
312	242
208	270
228	323
282	261
203	230
238	296
279	340
283	274
201	267
217	323
239	343
206	241
203	298
217	237
303	286
306	225
263	299
287	268
238	279
197	316
220	326
259	244
219	318
214	347
271	281
204	264
223	275
241	323
195	283
272	327
269	263
209	311
226	342
225	308
209	266
256	246
226	299
204	236
297	328
198	322
211	282
211	344
294	245
215	269
198	328
318	268
271	265
233	336
244	237
239	326
198	275
218	240
196	253
229	292
281	312
285	339
214	309
265	296
318	310
301	343
277	256
266	333
231	347
298	258
304	248
268	302
240	260
319	322
267	258
225	271
257	315
215	312
253	228
313	319
282	239
313	289
294	242
198	328
207	246
282	234
230	301
224	269
231	302
199	317
229	280
289	303
234	304
315	317
296	321
299	292
248	253
203	259
225	315
288	225
195	284
252	331
230	287
265	232
211	302
226	346
300	269
224	242
284	281
297	255
311	293
268	267
220	301
217	262
262	281
257	318
225	302
216	267
224	264
231	239
305	330
227	240
305	276
199	280
205	295
225	294
292	301
249	254
284	231
207	274
199	288
240	295
230	254
288	313
205	316
226	240
201	253
255	345
267	231
315	339
228	233
250	224
202	269
297	270
290	254
221	256
219	310
297	328
200	325
256	343
254	325
242	343
274	277
260	244
267	247
201	250
243	277
260	337
315	236
316	308
307	305
253	318
218	277
219	332
241	341
310	293
213	268
312	238
252	261
289	254
227	333
265	333
312	255
308	341
219	229
293	333
236	317
273	307
280	245
229	247
290	325
293	286
265	292
312	267
279	318
218	338
209	263
232	258
214	282
195	306
219	295
298	310
207	271
287	282
310	338
223	230
236	341
242	271
293	332
303	278
264	318
269	282
251	227
202	319
271	305
213	263
277	322
288	256
254	280
307	285
199	230
283	252
202	239
210	333
270	249
275	266
262	303
306	300
241	259
254	228
199	305
290	340
235	251
292	338
275	331
222	258
273	278
232	228
222	310
235	276
309	254
298	285
260	304
282	273
310	330
318	328
252	275
297	297
308	333
278	238
267	304
204	252
265	313
212	298
214	223
225	241
239	239
204	275
240	313
228	288
266	336
211	325
258	236
253	223
248	284
279	307
225	276
270	278
201	334
293	273
222	237
247	228
216	261
300	295
284	291
263	319
302	252
203	314
203	282
318	263
278	225
312	246
315	226
247	330
318	242
249	228
195	330
216	276
242	310
240	277
197	330
266	327
242	310
236	321
203	280
314	248
313	279
203	326
210	280
272	301
252	344
224	259
297	223
251	300
208	235
299	324
296	344
204	251
316	342
303	269
273	226
283	234
210	320
315	252
202	229
200	314
274	273
318	264
248	317
304	330
226	319
303	283
227	295
238	299
209	266
232	332
242	260
315	325
299	257
308	318
222	331
283	328
291	305
196	264
317	282
195	285
237	269
223	224
314	322
238	250
280	244
250	335
203	335
292	271
199	347
304	343
266	273
270	281
265	340
234	245
230	311
312	279
278	231
293	329
309	279
203	305
301	231
207	304
247	293
286	227
284	295
214	255
230	280
276	262
284	290
317	290
225	265
205	330
280	339
281	303
309	302
216	334
231	318
197	294
221	346
235	289
312	247
214	341
271	266
312	336
287	235
294	238
272	241
221	227
271	295
303	333
195	284
296	280
272	224
227	256
277	340
279	319
202	330
255	271
204	262
225	277
198	257
215	250
313	285
293	302
237	230
282	308
229	256
294	225
205	320
272	304
314	302
253	293
228	341
232	285
303	246
285	340
216	281
225	279
298	263
254	238
260	345
197	338
310	296
309	229
260	312
252	265
218	260
203	306
233	337
305	277
258	258
313	300
263	344
239	330
237	271
316	275
197	336
229	291
261	226
264	335
261	326
285	263
243	230
196	243
260	265
254	296
291	299
209	284
206	256
272	236
295	311
202	331
251	225
196	246
268	333
270	343
311	280
216	329
307	229
275	339
203	247
240	322
296	257
263	253
247	299
300	231
287	266
305	270
212	341
267	345
231	252
258	255
249	280
313	299
316	316
203	292
249	265
219	320
273	241
250	269
206	326
279	294
206	269
263	337
219	343
205	309
267	249
280	235
272	308
233	233
272	298
233	258
222	257
268	334
279	319
297	290
222	276
195	280
284	231
301	239
312	263
270	223
247	294
208	241
205	301
280	255
283	331
287	274
208	248
312	231
294	291
297	249
229	337
268	324
204	278
246	266
255	341
274	242
236	282
217	302
309	276
307	285
232	313
290	325
210	250
261	230
245	242
214	286
212	266
318	291
223	341
308	310
277	258
297	317
219	288
302	331
243	227
289	308
228	304
286	318
216	334
300	332
300	249
301	266
251	247
276	241
204	281
278	296
208	278
303	335
227	231
319	344
304	308
287	303
211	347
214	343
288	347
212	285
207	244
226	324
211	270
242	309
292	289
251	269
281	297
297	281
251	315
317	332
204	296
204	324
215	330
204	335
315	285
235	332
279	291
225	318
225	299
307	243
264	327
260	257
207	299
251	318
309	256
266	296
248	330
197	234
285	244
291	267
297	332
317	236
293	259
288	311
199	223
299	343
268	337
311	301
287	339
196	262
290	284
200	306
296	319
234	228
306	236
283	256
278	297
289	341
286	280
254	341
229	324
293	305
229	246
203	250
304	314
215	223
215	306
261	345
259	240
198	259
228	300
277	316
195	332
308	281
267	241
306	338
294	298
291	231
284	240
253	229
316	258
222	268
267	226
275	311
243	231
260	241
209	265
218	273
251	311
212	231
207	305
254	329
235	288
299	284
246	326
304	254
242	299
266	248
236	292
238	293
233	335
291	289
279	309
231	336
200	237
283	308
302	337
218	295
263	333
317	255
161	258
116	275
144	283
143	232
101	268
201	275
199	246
194	255
137	330
178	313
186	257
183	247
125	321
151	352
129	293
188	243
184	251
130	352
175	250
139	270
219	297
128	246
177	331
188	251
124	299
208	261
191	270
143	324
102	240
200	256
132	258
153	289
167	312
208	235
123	235
201	350
201	305
177	277
106	257
139	288
203	339
216	238
182	268
153	300
161	248
121	273
187	291
196	337
116	311
106	347
154	335
213	342
170	341
145	336
112	324
135	314
193	262
218	341
187	274
157	252
157	239
189	245
133	233
213	242
188	311
178	320
199	269
96	299
175	273
203	230
157	315
199	282
105	331
156	306
196	234
147	313
157	326
188	240
204	229
101	326
134	246
136	265
203	261
186	246
111	253
139	289
137	296
148	231
175	268
120	351
112	351
125	291
187	264
101	309
208	351
192	276
151	259
100	320
145	336
145	246
175	344
127	327
132	327
102	263
157	290
218	301
102	334
209	312
138	274
217	277
100	266
217	333
139	318
180	353
100	269
150	253
95	300
166	261
191	320
153	309
165	309
116	252
106	299
161	249
205	282
138	317
101	296
179	254
108	239
204	323
200	313
121	237
144	251
158	263
147	313
192	299
160	278
95	251
135	327
186	307
97	306
192	299
212	266
132	315
131	239
115	300
129	336
98	351
189	301
155	312
212	265
136	235
96	326
146	275
210	303
136	260
167	252
130	305
139	260
114	336
186	274
143	260
151	239
152	246
141	274
134	287
109	267
197	301
104	296
97	352
98	288
129	348
193	245
105	288
126	280
112	242
168	280
129	292
164	281
201	297
186	247
175	331
99	279
169	250
196	314
147	346
197	296
191	330
181	235
176	276
190	309
183	282
174	320
142	333
165	307
111	232
178	235
172	254
177	273
129	324
133	269
173	272
198	348
183	319
218	264
103	344
140	289
109	271
196	264
113	310
122	260
197	293
182	285
204	337
165	282
173	328
197	316
206	263
161	321
135	268
210	260
164	251
123	244
207	252
100	250
139	315
121	348
137	306
176	353
182	298
215	238
173	241
120	292
177	326
120	307
108	245
171	243
135	234
212	319
165	297
130	299
182	307
176	248
163	281
161	332
152	282
95	326
196	350
165	285
201	245
216	273
216	232
154	309
169	321
136	340
169	231
195	341
182	350
192	325
157	290
172	240
137	263
126	260
208	296
124	236
139	276
116	244
174	337
96	265
217	320
176	296
176	252
190	269
196	257
208	282
159	253
201	315
126	349
155	333
175	277
208	321
195	235
209	262
137	281
188	309
218	320
214	334
103	334
219	271
196	259
177	315
152	261
149	260
97	246
184	242
203	277
104	239
162	256
210	262
180	297
159	349
206	236
190	296
164	286
104	324
151	336
143	322
125	294
181	281
202	252
148	336
208	331
183	284
208	322
172	346
203	303
211	243
188	254
213	287
117	349
170	344
131	331
208	251
177	232
120	267
98	281
115	250
112	320
118	320
187	326
152	345
98	241
110	313
190	309
202	271
169	312
192	239
203	339
152	240
144	262
113	263
195	292
120	340
200	294
153	286
109	296
159	277
215	314
185	264
198	348
190	325
159	296
117	242
102	258
208	284
133	324
211	345
176	258
180	257
138	333
159	241
141	269
131	350
219	254
109	266
138	239
151	297
148	310
198	282
184	241
117	308
218	337
99	270
178	277
193	313
132	307
218	301
137	323
199	233
115	257
211	308
131	351
112	251
166	346
155	253
163	307
96	272
160	321
115	296
132	229
133	251
136	297
113	247
204	268
101	243
170	310
190	344
163	274
174	308
114	251
121	322
124	238
204	310
162	322
164	269
126	326
145	295
204	296
100	278
170	242
131	309
127	308
117	333
151	335
185	283
203	254
115	263
198	246
121	269
155	341
176	253
182	329
175	229
127	316
213	302
208	334
117	340
187	326
212	322
172	259
194	335
162	276
174	323
141	306
201	285
118	320
211	305
185	292
123	264
105	276
96	255
120	246
184	255
159	296
159	305
99	244
190	292
114	276
142	247
193	268
192	261
170	265
98	293
96	332
164	305
193	295
122	329
150	230
167	291
132	339
195	232
134	313
120	242
105	243
113	329
218	247
99	258
206	284
107	234
194	317
217	251
158	272
163	350
202	306
185	341
188	257
109	314
137	323
186	291
161	352
156	251
129	296
214	281
178	285
148	300
98	323
197	328
121	238
143	321
216	268
124	324
138	304
149	345
98	255
181	344
128	278
198	325
215	239
172	235
165	318
133	341
201	255
173	324
217	249
124	243
203	342
141	340
164	236
206	312
145	290
95	298
171	280
183	263
128	279
164	272
95	334
113	330
129	248
187	239
177	301
171	335
177	244
210	352
128	271
159	288
212	281
137	266
175	330
145	232
145	267
185	311
124	349
199	325
111	347
97	329
181	286
124	297
129	283
195	274
147	332
120	350
109	267
157	326
180	264
183	318
96	248
179	324
174	258
137	347
124	345
204	318
120	342
153	347
151	230
200	342
212	312
215	283
123	261
105	309
97	343
215	264
187	293
102	289
121	312
170	287
203	275
163	254
143	250
216	290
96	234
209	269
205	256
150	315
150	324
139	241
204	343
140	244
117	236
133	290
147	244
174	339
150	313
172	287
101	347
172	246
133	254
126	299
204	319
171	258
114	293
146	312
173	305
162	294
212	311
168	286
120	314
204	347
152	333
195	339
158	352
186	281
102	282
97	299
185	253
192	299
159	287
165	257
131	314
136	270
102	333
98	272
125	244
195	302
180	244
211	310
177	353
150	322
131	348
115	256
141	307
198	336
129	252
95	265
124	306
199	341
173	271
115	230
160	321
200	252
170	233
126	318
137	316
144	349
172	297
154	300
102	277
184	329
199	283
176	295
117	287
187	265
177	236
174	234
111	277
147	233
110	294
210	344
212	255
180	251
188	230
215	264
182	340
121	324
166	345
141	299
140	331
199	312
125	253
118	339
124	325
140	244
154	278
199	280
120	309
96	330
124	352
143	277
166	293
201	239
144	293
132	348
105	231
200	230
207	299
197	243
150	229
158	242
153	237
166	262
142	350
112	338
154	346
109	252
122	329
122	325
169	279
163	296
143	314
154	235
123	271
131	242
130	276
164	297
204	287
182	283
163	243
161	303
217	281
121	298
171	330
149	274
203	330
100	342
97	277
181	282
190	334
195	330
96	281
121	286
113	263
135	337
121	269
133	250
203	303
189	268
164	336
201	229
177	320
185	256
184	315
132	249
111	323
215	338
177	252
157	353
141	272
194	342
116	322
145	335
172	352
149	231
140	277
106	338
186	235
207	254
169	271
187	268
149	285
219	352
131	330
149	289
149	283
195	229
167	271
97	259
104	291
143	339
189	248
128	323
216	336
208	285
214	320
110	346
199	315
121	285
166	266
201	312
156	241
166	294
137	344
129	337
184	314
127	231
98	312
153	349
152	232
97	345
118	318
164	257
155	284
180	234
161	297
159	251
173	348
149	351
179	300
111	352
113	260
163	339
151	330
156	280
193	231
166	328
101	290
179	353
173	239
124	240
170	312
160	270
199	242
168	281
215	253
170	307
201	330
120	229
213	329
202	232
174	351
141	276
108	342
152	272
219	321
174	331
209	294
203	238
118	333
108	234
206	282
113	345
121	345
148	347
218	271
97	274
167	238
136	289
153	339
129	302
148	347
102	345
199	293
138	260
128	299
122	247
186	315
139	315
187	272
194	296
191	234
205	283
113	232
141	345
187	254
116	284
189	297
194	288
187	307
175	242
207	232
198	259
96	303
206	249
170	294
164	266
171	240
159	341
116	351
167	267
132	284
151	288
209	329
121	342
102	321
183	234
101	326
130	292
131	292
175	244
142	274
124	255
173	251
114	277
135	296
165	229
183	257
152	323
140	327
212	284
163	245
142	302
101	334
144	275
136	283
116	253
101	264
150	306
172	309
149	245
212	246
113	292
154	319
175	332
179	235
141	309
202	268
123	309
97	314
184	291
142	243
142	278
127	283
95	294
128	345
207	336
106	301
125	342
97	271
199	339
150	287
134	264
131	237
180	231
164	278
99	338
198	277
148	344
197	255
125	351
157	255
184	340
209	336
218	316
205	320
198	251
142	280
95	277
200	318
143	247
183	249
118	258
95	327
211	263
152	233
169	333
120	272
177	292
113	263
112	326
124	232
114	321
188	242
130	308
157	314
200	240
110	348
101	320
135	278
142	289
200	275
146	318
106	233
144	305
216	319
191	324
164	267
117	263
210	267
102	340
189	265
122	327
162	290
197	330
168	350
194	322
198	349
105	256
207	258
209	298
105	262
104	290
173	270
137	278
138	246
97	240
147	329
160	296
148	279
159	277
173	264
181	251
212	275
138	277
190	332
133	264
217	352
170	327
192	296
187	231
168	263
169	269
174	316
212	326
216	321
193	257
109	320
123	344
113	319
202	281
208	296
187	317
166	236
170	295
136	259
214	236
192	268
112	246
118	261
146	234
125	305
206	308
182	253
351	242
247	229
308	166
327	190
359	154
323	263
279	170
247	194
265	200
294	172
364	188
314	181
320	173
240	189
279	166
355	266
275	270
269	238
244	246
300	158
304	210
322	268
300	163
358	262
264	166
284	151
359	186
347	171
316	256
328	218
341	270
333	213
323	190
345	163
276	245
356	210
266	242
345	186
301	274
348	174
275	234
347	174
357	222
334	171
307	237
336	225
338	231
320	255
281	255
254	253
298	201
291	154
263	157
272	179
289	155
270	152
307	173
258	231
252	270
309	180
363	175
264	195
326	220
295	242
307	238
351	194
345	176
249	247
307	260
289	273
289	187
328	187
268	202
264	179
286	213
258	176
256	171
294	182
262	223
354	221
337	209
324	260
363	185
282	175
292	205
252	177
332	191
292	191
324	230
290	223
279	219
260	183
292	270
361	200
327	209
332	168
272	228
364	246
262	152
319	195
280	221
321	255
243	177
316	176
291	241
309	176
253	152
279	236
310	264
244	273
282	206
321	244
324	188
361	182
247	151
284	184
328	248
271	151
318	252
287	210
308	224
249	254
343	269
241	256
325	156
324	271
358	162
349	208
266	193
260	206
310	177
258	210
333	228
314	203
296	174
333	166
290	252
293	272
244	193
271	207
339	156
362	266
296	200
341	238
337	217
320	213
246	198
288	272
294	173
341	258
347	195
362	240
286	213
347	253
304	165
328	158
296	202
319	183
301	172
359	155
308	163
279	165
331	241
351	188
353	274
313	267
358	189
252	258
249	208
283	183
279	210
253	251
331	269
323	220
269	229
249	185
326	215
307	181
281	251
357	269
361	157
309	166
363	173
329	257
332	221
342	186
247	202
343	200
292	204
303	185
301	177
319	241
287	211
353	157
240	245
300	265
362	173
361	159
261	249
248	235
341	201
313	219
299	217
339	199
293	226
264	228
247	245
299	250
246	174
287	167
299	232
325	234
346	220
311	163
310	190
283	166
343	171
249	174
258	159
309	231
304	191
360	240
280	253
334	250
353	255
314	271
299	176
314	172
291	226
334	274
281	191
264	183
314	246
336	273
315	175
324	165
265	158
360	150
253	186
251	272
324	203
294	234
288	237
263	192
356	151
359	150
267	273
312	164
303	182
293	226
310	221
283	251
240	221
279	261
336	176
242	256
313	237
352	264
260	162
310	224
241	157
276	170
276	217
336	223
267	203
308	186
303	163
267	156
343	253
285	232
310	267
322	246
326	211
258	173
299	217
299	249
309	180
296	249
349	153
328	232
305	243
245	229
291	155
311	273
326	183
264	228
264	211
319	238
275	170
348	177
259	267
247	189
260	157
348	188
338	189
303	253
295	205
270	235
345	178
318	190
321	178
291	215
330	165
271	191
331	203
341	239
341	271
339	204
324	161
250	173
346	185
275	245
321	267
250	188
265	234
264	190
242	225
262	171
320	175
359	190
294	190
326	192
336	171
336	270
360	189
292	188
308	189
264	184
252	207
307	244
277	192
304	156
337	259
295	197
265	188
358	264
249	210
267	263
271	201
261	162
246	239
347	206
248	153
334	211
347	266
287	214
250	169
290	260
276	178
301	163
245	225
261	239
262	232
294	254
331	217
241	221
286	159
262	160
297	184
285	181
277	164
251	199
332	195
312	178
268	157
328	253
243	204
296	244
339	209
279	265
320	189
256	274
288	158
286	198
261	194
255	258
294	151
251	260
356	153
277	220
337	230
316	181
283	171
358	252
310	205
315	178
274	218
293	211
286	222
276	217
330	212
354	273
311	208
266	237
285	253
267	230
249	165
252	167
346	191
338	274
355	178
348	194
357	219
281	222
300	184
304	177
328	224
319	253
262	160
284	236
308	164
303	152
351	231
361	219
325	267
248	207
320	170
348	262
286	251
315	184
254	204
306	202
241	174
341	219
242	193
303	257
346	176
266	247
315	262
332	173
251	164
357	223
314	273
253	168
289	257
269	211
290	154
252	207
273	239
286	156
306	153
355	246
339	268
349	217
283	240
314	154
307	268
254	175
326	263
326	156
343	211
334	227
252	155
353	183
317	267
329	245
298	251
311	161
308	204
288	237
301	165
327	191
247	223
301	173
268	249
289	207
323	172
329	206
316	155
302	261
321	241
363	267
334	172
347	206
334	167
254	269
277	203
330	231
347	227
254	184
278	247
364	219
299	238
289	180
280	150
284	186
319	154
320	156
320	217
313	215
311	171
271	151
355	248
315	193
259	232
280	161
322	265
348	224
245	165
339	169
260	198
283	199
240	162
275	209
248	231
260	198
354	251
296	223
307	253
308	176
273	174
264	210
315	188
341	260
278	263
355	250
292	211
284	188
249	269
319	204
277	178
244	163
244	190
322	236
340	228
279	192
240	242
267	162
279	181
253	267
304	196
269	173
342	270
261	264
240	168
356	169
341	252
294	219
274	273
274	162
313	261
336	189
264	165
269	166
283	256
354	152
320	191
286	248
343	237
319	225
246	241
289	194
290	274
278	216
256	200
298	160
346	205
313	225
316	169
311	207
284	239
339	250
242	156
265	267
269	257
245	191
240	208
251	259
314	235
307	161
306	151
342	204
353	261
282	177
241	207
305	260
255	150
308	195
276	196
364	207
359	179
338	259
357	193
358	230
272	252
289	166
284	266
263	239
340	222
329	224
305	220
364	243
343	234
282	197
306	169
360	212
253	249
270	197
262	187
249	255
299	182
271	178
270	269
340	240
245	251
249	245
268	184
293	238
302	274
363	227
326	272
359	238
279	214
358	165
304	172
278	197
327	262
306	244
316	258
322	184
306	184
264	246
364	188
240	250
344	190
311	229
270	272
301	220
279	210
356	219
326	273
242	214
252	155
355	175
360	150
251	171
335	245
278	185
317	161
244	246
259	163
273	240
251	162
360	151
328	173
294	220
254	196
257	254
267	160
345	243
288	274
325	208
271	164
286	217
255	264
324	225
326	166
290	173
330	208
259	191
252	162
334	151
346	193
302	204
345	194
255	167
290	259
282	271
269	199
310	210
289	181
343	193
248	158
342	243
323	159
359	186
283	214
293	215
340	183
287	193
256	186
241	245
355	191
325	270
316	199
253	169
241	200
277	173
248	175
294	184
250	234
285	206
265	227
312	212
271	159
272	177
240	249
280	274
315	180
322	178
259	184
267	197
284	191
276	239
320	209
252	247
330	150
331	257
246	251
315	196
304	247
356	181
333	261
357	245
282	215
288	184
355	219
294	229
358	245
242	218
259	239
322	225
250	168
268	259
245	184
248	175
361	172
337	199
355	226
303	202
249	164
275	255
359	188
255	175
245	220
320	159
352	172
276	259
341	177
317	188
285	252
340	199
268	255
278	246
300	165
288	254
342	188
295	233
270	224
267	228
304	190
302	220
344	188
252	183
286	189
266	249
345	267
287	242
322	194
364	195
260	166
350	238
359	182
266	204
352	170
277	185
352	178
294	205
315	240
356	265
355	229
256	201
331	167
325	238
251	247
276	267
250	212
321	172
334	253
252	158
313	203
339	195
339	171
313	260
339	213
298	236
309	266
337	218
340	216
345	271
337	201
357	182
322	169
300	233
262	222
347	177
273	230
310	270
293	159
268	223
293	238
310	221
316	172
316	153
322	227
286	173
317	241
310	211
329	176
264	269
353	164
348	273
247	195
319	217
302	219
362	255
330	163
341	209
291	208
249	213
274	203
310	274
323	234
289	260
349	195
349	218
317	222
331	269
305	166
267	214
280	239
270	259
253	179
291	166
259	175
352	155
347	247
256	193
342	158
289	244
261	216
281	177
307	209
260	200
241	205
241	178
256	187
345	194
297	226
264	194
245	212
310	151
350	260
253	274
338	198
306	225
358	241
337	265
269	239
248	253
296	269
323	155
325	153
241	181
317	185
243	210
331	258
240	176
292	172
364	183
283	243
278	226
362	179
345	252
316	259
359	233
265	261
319	248
256	174
303	255
256	222
280	161
363	166
324	181
327	200
260	168
340	164
314	182
347	267
331	230
272	250
302	192
280	252
253	197
252	219
248	161
276	166
358	271
311	223
330	166
357	261
298	210
326	249
325	192
317	150
327	188
354	195
296	204
360	213
283	245
246	201
250	166
282	163
268	193
293	201
302	172
289	172
263	221
338	170
309	158
314	243
334	237
281	210
329	181
247	175
260	151
348	270
307	166
241	246
284	191
250	197
279	162
326	254
256	262
277	231
297	220
316	249
320	253
268	209
331	217
279	157
330	247
328	264
261	191
274	173
352	230
280	239
290	202
289	211
247	174
285	271
331	215
275	204
240	166
321	218
251	210
284	249
308	268
253	196
350	194
282	187
329	223
247	190
261	156
341	177
279	237
333	225
338	167
330	187
351	157
298	229
289	267
263	238
337	212
280	258
297	248
354	165
360	179
309	170
326	173
247	160
332	235
346	215
301	190
285	176
292	269
259	200
287	272
349	254
329	235
357	251
298	268
328	189
299	266
338	267
296	203
290	270
338	179
352	174
323	160
139	134
151	195
75	195
108	175
116	179
130	124
97	243
63	238
83	123
57	126
80	142
143	201
160	161
97	218
155	154
135	194
91	130
125	180
87	205
92	197
111	130
121	199
78	138
107	169
126	209
71	199
136	140
134	131
87	243
48	198
118	176
102	148
93	164
55	215
164	162
99	166
164	123
88	138
167	167
167	216
145	174
72	140
93	175
74	132
137	238
83	246
84	136
160	218
93	137
43	189
101	162
161	212
163	145
137	226
112	136
87	162
117	145
63	244
136	175
86	128
113	163
54	135
79	146
68	145
83	176
103	206
126	228
99	153
58	153
134	168
58	168
121	156
153	168
111	159
55	165
98	133
84	221
153	154
66	196
74	144
132	181
72	153
102	185
166	207
117	163
87	198
99	247
57	215
104	200
90	162
152	216
78	161
85	205
127	170
73	152
111	230
62	143
53	174
127	193
105	234
80	232
73	214
112	156
127	135
69	138
73	204
51	184
161	177
109	191
147	220
107	149
159	210
165	130
136	178
60	180
111	141
101	229
53	201
126	209
64	172
63	129
139	126
164	220
66	198
122	136
87	129
99	149
139	194
75	168
154	245
57	188
72	183
97	139
112	178
93	130
80	148
91	153
73	142
67	194
43	176
114	133
87	171
127	150
80	148
161	164
96	199
153	123
93	178
120	138
90	185
64	220
108	193
124	153
111	242
156	149
100	170
56	190
137	246
49	177
79	222
94	224
43	206
116	160
55	126
146	210
127	167
150	173
89	159
114	178
83	238
78	157
135	159
131	179
79	230
166	182
157	236
52	138
147	155
91	180
70	234
138	168
116	144
140	181
160	182
155	197
89	227
79	212
100	151
136	176
131	215
164	222
152	196
96	140
134	191
144	238
105	220
143	199
56	165
144	187
121	152
61	187
80	205
124	151
75	193
148	221
75	169
93	170
138	219
68	197
87	165
84	190
128	154
165	199
65	162
150	179
62	214
91	129
104	211
54	228
119	158
112	220
96	242
118	207
136	239
149	215
142	225
79	219
165	200
84	138
48	215
106	131
145	179
87	156
65	132
146	231
150	192
73	146
151	235
62	220
90	240
71	137
84	203
165	153
133	140
84	199
148	219
163	230
166	210
141	244
159	159
81	238
115	197
69	126
126	221
97	231
140	148
115	208
102	149
167	181
88	182
133	208
101	213
71	136
152	167
166	170
79	156
67	171
59	211
60	203
143	200
94	231
167	135
134	144
74	150
151	225
118	172
108	212
126	237
106	141
107	236
126	134
124	175
119	243
99	197
129	240
151	159
132	176
121	191
110	200
136	178
161	224
155	213
77	221
89	215
158	243
49	211
45	165
102	141
122	198
62	247
95	239
47	162
159	132
135	241
122	158
153	220
101	197
55	188
116	222
81	133
94	246
69	183
52	172
126	178
46	195
147	178
160	188
81	225
59	205
158	159
85	206
100	193
162	207
98	197
155	234
150	233
154	141
55	132
76	166
72	228
70	233
122	169
77	189
162	220
132	125
136	191
155	235
97	134
146	240
128	135
106	139
59	247
135	148
60	186
75	125
71	198
113	231
52	180
111	243
77	181
96	241
88	163
159	164
102	175
72	234
116	196
146	167
85	162
94	155
93	147
48	150
151	135
146	130
53	142
149	189
109	151
127	167
87	216
58	164
133	173
70	141
120	140
156	167
89	137
93	203
51	183
77	145
165	184
154	166
89	192
92	180
69	176
54	212
159	193
72	176
148	124
49	147
149	230
71	159
126	207
94	234
64	173
146	159
122	207
143	161
160	176
156	185
102	211
80	214
72	197
73	199
81	227
146	167
66	191
127	162
78	137
139	137
123	209
126	130
55	175
164	228
161	196
78	148
153	177
43	160
45	161
148	242
160	237
92	133
142	205
151	187
79	185
58	189
111	128
156	163
161	221
126	130
137	177
101	180
90	183
76	206
110	216
62	178
127	220
90	176
142	185
121	125
82	151
86	158
113	201
60	212
104	225
136	171
70	223
121	154
106	143
53	232
119	205
125	128
122	213
123	220
69	209
142	178
96	196
135	184
141	229
48	173
100	180
128	241
82	125
105	212
153	184
61	179
53	231
94	132
89	166
144	234
61	230
67	186
71	208
96	194
130	171
65	124
154	209
139	143
157	153
54	174
160	201
161	166
92	239
107	223
97	170
67	133
75	194
162	245
68	179
51	220
97	172
57	231
78	245
118	205
150	125
109	227
150	206
48	135
105	125
147	153
63	212
155	223
93	194
46	221
81	136
136	130
77	133
133	182
49	242
151	167
77	138
74	149
146	195
117	157
163	129
156	158
127	206
62	162
121	147
155	178
146	209
66	128
97	178
141	148
58	159
76	231
63	203
87	186
106	178
70	145
90	135
68	126
68	194
164	212
83	133
129	212
102	241
60	174
46	156
146	156
157	236
143	136
66	157
75	214
136	239
44	218
161	247
113	168
120	191
164	147
130	142
90	182
134	175
56	178
85	173
64	240
96	169
76	142
136	239
121	178
113	132
145	223
95	152
155	224
66	189
107	188
99	217
82	237
99	226
69	221
85	159
82	126
133	196
160	171
83	188
102	192
88	144
150	168
64	139
63	202
125	198
52	220
130	143
48	237
132	205
95	194
95	210
101	193
109	209
120	231
43	135
116	164
96	135
100	181
119	145
112	142
105	185
147	171
71	153
73	211
159	124
162	209
95	218
95	224
69	150
150	238
84	135
62	208
119	214
60	124
145	210
164	166
100	177
115	165
150	177
53	217
62	215
163	169
149	149
119	177
151	192
96	132
88	247
126	210
85	213
157	246
90	213
133	210
87	137
137	207
67	237
129	242
133	220
100	242
97	238
101	247
139	195
52	135
166	131
51	173
144	177
146	233
116	142
104	158
56	131
155	157
111	135
157	247
54	216
101	125
149	204
164	207
48	195
105	180
101	185
62	225
106	150
139	173
135	137
109	136
44	141
68	225
57	157
91	127
157	227
107	198
132	131
107	147
112	177
121	231
82	210
68	149
152	231
110	168
147	199
59	208
78	167
96	128
99	199
138	196
97	231
70	229
150	246
163	133
51	127
49	148
80	233
152	204
82	167
55	234
96	176
84	237
150	232
161	153
61	165
75	210
46	212
81	217
147	238
44	138
129	240
142	200
141	234
90	216
94	225
66	233
138	153
149	139
92	170
66	126
137	144
94	164
55	228
132	155
125	227
134	129
102	160
82	237
85	157
146	212
93	220
52	205
58	126
86	184
119	192
65	158
167	131
53	124
62	148
50	190
146	137
98	192
93	127
132	143
100	198
158	203
157	205
123	234
108	208
146	184
138	234
102	180
70	136
140	218
63	165
82	197
113	233
141	180
102	152
74	191
135	128
146	125
155	179
125	227
109	238
89	236
101	217
70	130
51	217
57	151
61	214
129	125
84	184
45	148
66	229
49	191
58	148
83	184
157	217
89	212
96	176
54	221
134	206
110	167
96	157
122	135
47	172
154	134
114	158
127	193
59	198
61	155
104	146
68	239
109	123
74	176
116	147
87	231
73	225
61	175
120	178
140	214
138	219
101	131
133	198
80	200
161	140
125	127
101	239
155	210
58	234
56	182
52	153
69	137
154	239
70	167
151	186
68	134
118	222
108	216
104	131
121	242
103	182
83	168
108	219
93	141
141	147
85	143
116	175
59	198
112	153
102	224
161	165
78	235
142	157
124	158
81	131
150	138
65	204
69	245
73	156
94	176
119	205
107	125
106	196
159	193
64	223
118	211
62	243
152	247
89	183
55	153
59	190
72	173
137	203
136	151
159	160
130	188
55	160
63	181
88	125
46	218
162	131
142	151
105	147
85	128
76	128
66	237
96	246
159	210
55	192
156	211
94	168
140	184
159	229
146	221
90	247
148	134
45	203
129	135
59	198
144	174
125	245
44	231
98	211
52	223
100	123
133	141
53	143
144	128
161	186
88	159
96	215
110	169
55	165
97	131
48	213
135	162
114	141
84	216
128	167
57	232
145	227
50	184
78	176
131	155
83	235
106	216
56	186
43	182
116	184
50	202
48	187
122	153
132	219
141	170
128	205
91	133
115	247
110	160
143	123
114	208
52	164
124	133
60	124
167	206
153	181
57	133
151	125
54	196
118	166
80	124
46	181
163	207
102	213
145	170
133	141
83	191
143	155
158	160
43	128
124	144
148	182
104	209
131	170
51	194
154	214
139	241
113	247
133	133
134	244
55	201
104	141
116	165
120	125
99	206
147	168
64	129
122	200
117	154
150	243
94	170
164	184
164	160
162	163
128	184
98	131
142	143
73	134
150	192
92	226
163	143
105	227
143	155
134	147
124	226
125	230
119	194
145	187
137	130
93	147
117	183
79	202
118	213
85	123
154	216
72	244
112	141
45	227
44	123
72	147
88	212
133	196
145	217
55	234
103	178
125	125
138	125
95	218
130	153
70	136
83	218
70	165
136	161
69	228
163	163
90	142
136	213
82	124
62	177
108	245
126	174
79	134
130	312
