299	264
294	306
283	202
187	254
266	272
191	234
267	250
204	232
193	199
264	192
245	228
196	277
210	194
236	196
221	218
240	254
201	204
215	293
212	231
279	184
308	246
279	192
218	264
271	231
213	267
223	223
242	216
229	305
277	233
215	262
186	299
254	228
243	215
229	240
257	281
278	212
291	213
210	192
253	235
246	233
212	287
271	280
221	233
185	273
281	289
183	294
235	180
304	190
207	224
294	289
270	190
259	235
242	198
285	257
223	267
195	202
180	191
250	194
216	221
220	248
262	280
187	299
212	186
258	215
254	244
292	180
240	211
251	290
194	252
255	286
199	221
207	261
212	236
234	224
232	279
266	299
284	219
266	255
200	237
204	178
223	267
244	194
185	287
238	194
206	256
265	294
236	174
257	260
249	215
185	198
227	275
248	229
294	220
224	186
234	246
259	269
193	172
294	251
223	245
210	239
175	256
197	175
283	265
222	241
229	211
279	194
253	239
204	214
244	288
172	244
291	173
291	291
231	187
238	174
290	267
229	274
277	198
285	249
257	204
186	200
279	247
254	255
255	284
184	213
257	255
231	213
191	242
178	252
262	240
195	221
264	260
283	202
220	207
283	212
270	193
261	241
171	220
167	248
270	185
184	176
191	266
266	169
277	180
206	214
250	222
196	281
251	275
178	262
257	256
263	249
261	242
207	268
202	248
179	270
173	247
232	269
236	271
270	284
250	244
269	199
268	286
177	234
265	182
198	206
237	254
216	172
163	278
198	210
218	286
251	197
178	187
261	257
175	199
170	177
165	281
208	230
228	167
245	192
207	279
180	266
193	162
174	216
220	274
245	272
170	159
245	269
275	192
260	182
161	266
266	159
200	182
192	169
273	170
237	182
234	159
246	275
199	259
237	243
215	165
279	220
213	246
182	215
174	241
201	176
164	203
222	263
220	261
254	205
191	179
176	197
169	248
180	193
273	203
264	229
236	177
261	198
193	197
271	263
167	220
259	199
198	268
208	188
227	271
225	241
239	200
261	187
187	242
233	168
172	229
210	271
202	171
199	198
183	182
241	209
275	191
179	168
189	270
184	258
235	216
212	207
256	197
271	185
161	203
182	244
223	272
251	264
198	157
204	195
163	164
181	238
161	185
175	257
149	273
240	181
171	185
220	252
167	184
233	218
160	183
194	241
197	236
195	234
192	211
184	172
235	215
174	175
217	161
243	217
234	189
194	195
174	224
188	242
159	252
267	260
239	263
206	149
193	168
159	183
173	166
222	194
248	235
215	260
169	241
240	229
220	160
237	263
187	235
182	153
248	229
194	200
237	235
217	188
199	222
169	245
190	223
202	252
196	189
146	192
220	225
265	173
259	223
227	165
194	155
236	241
141	260
185	229
264	203
241	154
163	145
152	220
170	203
244	140
160	149
264	226
224	144
178	161
162	246
140	244
250	169
234	256
249	165
195	255
188	205
155	154
244	172
220	158
154	221
160	247
139	216
197	157
260	210
156	240
219	162
178	192
160	210
190	175
225	199
162	216
171	249
212	141
200	212
235	219
169	248
184	235
178	247
196	219
250	181
163	253
170	215
161	232
186	224
190	220
168	227
134	191
237	252
208	220
191	168
139	181
148	220
250	152
145	224
203	147
215	249
189	214
209	249
191	213
170	234
241	165
230	166
158	149
234	132
177	234
239	190
218	249
255	175
154	174
163	156
195	248
204	215
154	235
149	159
239	238
181	174
142	160
247	224
210	240
215	190
251	143
211	187
246	244
228	160
145	140
204	142
203	161
251	200
214	219
233	227
243	191
195	132
151	226
167	164
161	244
217	138
163	166
220	133
171	219
146	189
160	130
207	211
213	237
225	242
222	218
237	140
128	176
184	132
167	143
240	219
131	167
199	164
171	222
175	151
220	227
214	210
212	170
231	194
239	232
230	205
231	196
223	143
225	234
228	177
207	126
135	170
149	128
138	157
125	141
236	126
129	236
208	121
197	126
147	131
176	136
149	187
135	191
197	235
222	218
172	227
157	165
191	205
196	142
153	199
198	158
183	231
190	213
210	188
218	227
213	201
177	165
220	236
234	146
182	146
149	202
175	181
177	125
216	174
169	195
166	235
148	196
178	220
175	226
228	232
198	140
214	195
196	162
153	206
191	131
186	212
140	160
172	156
151	151
191	150
124	218
208	128
232	167
200	145
184	214
126	120
156	187
226	133
176	149
139	148
156	236
210	167
231	198
123	171
145	213
117	234
167	220
142	129
159	193
124	220
145	160
181	136
118	223
180	169
151	162
155	113
169	113
154	208
185	163
153	229
170	188
160	181
141	203
168	138
185	222
208	212
214	164
193	158
212	177
204	157
132	122
159	227
210	169
139	217
223	184
116	192
213	225
191	150
201	228
221	224
130	181
117	124
216	182
121	225
142	111
118	106
139	225
205	180
171	179
230	149
170	108
173	176
172	136
109	129
185	143
168	203
174	162
221	149
110	161
111	138
215	194
213	192
149	133
212	118
218	168
186	187
119	215
168	109
212	202
204	140
139	220
143	218
166	131
178	163
109	213
208	224
138	211
183	148
191	173
129	188
195	200
127	186
135	220
146	195
134	123
161	209
112	187
182	129
117	182
178	123
220	196
194	124
222	212
216	207
108	208
146	124
187	212
220	151
113	179
161	153
161	133
111	143
125	177
125	164
204	179
203	111
168	190
101	114
122	217
120	196
220	166
174	103
97	109
155	111
167	173
114	126
132	149
199	190
155	202
177	107
183	197
217	178
126	148
132	212
100	175
94	148
136	210
114	137
152	158
151	164
179	159
116	103
93	187
193	118
158	160
134	152
99	110
109	202
200	184
96	182
206	99
169	93
112	204
153	125
171	149
114	162
117	208
140	133
178	207
126	201
127	130
127	142
125	206
193	161
95	150
147	206
104	104
168	112
178	203
94	179
126	97
208	191
156	175
204	202
142	210
206	97
170	182
156	110
209	99
98	186
173	129
155	200
186	89
204	175
176	102
91	116
106	100
197	200
178	121
203	121
174	144
149	154
134	112
157	94
111	152
196	145
165	192
129	169
90	94
88	148
208	192
162	91
183	94
203	157
204	167
154	94
122	203
151	105
116	192
88	100
98	199
184	130
179	199
165	96
124	171
128	188
105	113
115	150
195	151
122	130
90	119
95	171
116	150
160	173
152	90
191	114
182	163
198	108
98	122
161	98
95	171
107	186
189	109
129	192
169	176
179	120
135	114
137	120
110	192
163	92
172	187
136	124
119	80
82	92
141	158
92	134
175	190
144	100
181	161
105	190
165	135
164	83
100	195
182	81
185	117
138	141
112	177
94	191
85	163
194	107
88	122
159	99
164	157
100	84
149	178
193	97
148	196
177	77
122	144
162	116
155	94
163	106
198	80
79	169
120	139
105	172
142	107
121	88
173	98
145	142
108	78
83	135
134	142
167	88
169	110
186	177
192	133
170	127
108	146
194	78
105	116
99	79
95	79
142	189
193	160
84	182
145	154
82	130
125	73
128	131
152	143
101	94
107	70
122	93
69	185
170	139
154	116
184	188
134	94
176	170
89	185
117	116
92	98
108	124
71	133
191	123
179	128
70	105
171	92
85	187
96	162
174	91
145	129
144	141
179	73
131	96
122	181
109	100
88	183
70	134
115	150
131	177
112	129
76	162
78	151
83	78
132	81
153	152
182	83
132	101
142	98
66	77
112	71
151	66
179	92
175	87
123	177
156	167
137	138
186	138
79	182
113	165
112	151
91	160
186	79
143	144
74	112
164	63
155	112
154	161
79	167
126	140
107	64
90	73
122	105
112	80
141	88
183	82
163	102
156	92
161	179
174	68
103	153
125	167
103	72
90	82
78	178
106	170
75	67
110	123
136	132
170	100
132	127
142	120
98	162
149	136
114	85
139	96
154	123
68	142
83	91
151	78
116	130
178	169
143	106
110	64
112	179
148	59
173	101
163	179
69	69
89	159
119	102
82	116
66	77
113	140
178	54
177	101
128	94
70	160
60	56
127	123
59	78
83	162
136	172
121	123
110	104
91	82
57	136
168	85
133	61
102	127
123	121
124	117
51	77
139	160
149	80
145	88
159	175
62	62
54	113
149	172
106	164
156	168
117	96
73	68
152	87
107	82
172	55
65	77
119	172
102	161
135	96
75	76
164	151
62	150
64	69
77	65
152	111
94	80
92	72
165	86
153	155
100	99
118	55
85	155
170	109
48	147
147	50
136	67
64	116
65	102
125	112
167	141
76	157
135	107
78	61
82	95
137	168
144	146
86	145
99	164
134	91
122	146
117	75
134	95
163	102
83	93
148	71
130	71
126	152
164	158
74	73
98	136
112	139
122	107
124	83
57	105
154	163
90	55
83	71
163	97
65	99
92	45
151	144
160	119
164	152
140	53
122	46
147	139
154	51
120	101
51	42
75	139
127	105
84	131
161	58
69	46
58	116
111	146
77	42
144	63
48	149
154	84
95	147
117	128
121	118
91	88
115	98
85	87
153	121
114	130
158	59
84	111
39	147
77	39
143	44
136	146
143	74
145	107
145	112
64	90
157	87
54	130
156	95
141	77
127	36
114	103
100	148
117	101
92	53
114	149
85	71
120	54
128	87
34	49
63	120
74	119
91	59
66	50
66	61
141	111
128	53
154	110
40	146
59	61
88	80
92	59
75	57
60	64
81	152
124	62
154	66
153	91
125	102
113	137
30	150
66	152
77	137
36	69
144	99
142	36
85	62
86	37
30	85
88	76
95	128
39	87
39	123
39	127
56	146
139	116
36	109
137	123
54	78
76	34
65	48
64	96
117	124
120	86
84	69
124	74
51	39
74	81
97	79
148	81
141	142
127	40
56	40
127	64
32	76
137	108
90	58
148	36
144	67
68	36
98	85
128	104
41	101
60	132
67	81
74	60
138	29
73	77
122	50
70	59
124	102
93	33
75	56
40	103
44	22
77	34
57	103
21	34
83	49
33	128
68	45
100	103
106	82
114	80
67	72
140	88
126	55
61	44
30	50
49	117
114	133
37	72
20	139
139	107
114	111
37	64
129	76
126	137
127	56
77	69
42	91
47	141
85	58
38	139
118	20
36	19
130	31
71	45
84	51
83	133
127	140
100	138
21	73
135	99
61	112
42	115
62	139
98	126
22	47
82	127
56	88
66	54
37	79
57	82
17	119
111	103
112	31
107	133
105	85
44	69
63	137
73	125
94	89
43	56
68	16
132	81
40	86
104	126
64	28
60	47
41	39
54	71
130	35
81	68
95	99
111	90
30	108
104	48
35	87
64	134
121	32
122	77
93	44
117	53
110	85
45	60
17	61
16	79
60	115
124	18
101	92
103	108
65	107
94	96
112	29
59	8
46	49
126	85
56	67
68	102
41	124
114	51
50	43
108	105
120	78
7	78
73	123
6	99
96	113
112	6
54	69
72	45
20	112
21	16
108	8
91	59
18	66
39	107
107	31
80	44
41	111
48	118
35	80
18	91
41	89
50	81
47	19
8	16
41	98
77	55
88	44
45	75
101	31
58	77
57	122
120	103
37	104
24	71
92	77
62	81
107	80
15	10
98	48
12	69
91	121
56	18
64	26
118	48
14	26
96	111
111	112
51	84
32	123
99	112
96	16
95	5
20	112
120	102
51	26
115	95
82	82
114	122
100	121
88	44
76	47
1	83
46	43
66	99
73	50
54	14
101	58
62	98
18	113
51	39
17	30
43	8
75	127
90	34
11	96
93	95
10	62
69	54
68	29
104	36
114	108
24	10
77	100
129	34
119	102
38	36
65	118
58	52
40	17
86	70
54	25
84	63
60	50
97	13
111	127
31	84
116	68
43	90
59	68
85	111
78	67
124	55
100	38
84	28
17	22
78	61
20	13
47	17
10	70
102	37
25	107
82	24
33	92
99	58
60	98
23	88
94	96
79	19
125	59
105	30
66	109
62	123
101	90
134	23
96	93
56	87
40	120
101	56
84	126
112	132
20	122
34	37
54	46
87	75
41	113
103	108
111	22
97	74
38	120
68	79
88	137
43	104
28	38
45	30
56	52
47	64
29	114
86	129
77	131
110	17
102	71
20	70
73	20
131	17
58	133
92	99
25	40
58	122
27	59
27	83
139	17
83	55
96	120
33	52
57	17
134	93
24	58
134	81
35	36
118	78
85	49
60	34
94	24
93	42
66	108
25	61
43	28
46	64
59	62
45	93
23	100
95	123
138	60
82	33
56	92
25	41
110	64
73	40
65	43
136	71
129	134
102	94
143	88
124	29
36	81
69	139
126	47
70	127
52	40
47	70
28	22
142	31
92	77
138	47
103	23
62	47
33	65
52	76
34	108
127	123
30	33
60	60
46	119
125	110
115	107
99	29
52	85
149	87
139	123
106	101
140	31
72	73
93	52
64	60
112	102
136	29
60	136
135	143
59	40
81	147
29	82
64	151
101	107
105	150
100	119
151	127
129	75
149	31
54	104
47	40
73	40
69	136
83	34
121	54
120	129
48	98
107	87
55	85
94	45
94	80
58	116
144	85
93	78
48	140
68	147
114	42
50	104
153	132
61	132
131	67
121	101
126	127
90	56
156	38
114	65
138	78
102	92
70	45
78	130
80	47
71	103
88	92
49	99
43	130
73	97
67	98
39	146
126	113
85	143
133	82
46	39
36	146
143	156
91	154
132	137
155	66
62	124
56	116
155	156
110	77
67	130
124	123
125	153
84	95
63	38
63	128
112	65
93	68
116	148
141	144
78	139
129	85
51	117
59	103
148	72
126	64
157	150
106	140
123	117
48	132
125	65
102	42
62	145
133	51
111	152
65	121
49	152
43	117
144	40
76	55
150	78
110	53
69	137
124	160
139	42
148	55
47	55
57	54
155	153
56	154
144	166
145	129
69	164
143	134
61	111
166	98
58	121
80	127
121	122
86	100
51	161
75	138
119	140
93	66
160	65
158	112
86	45
49	129
166	49
67	73
156	47
127	119
119	62
76	140
106	95
100	89
68	157
92	169
120	63
101	115
148	118
123	76
134	114
50	126
127	118
51	95
112	78
82	58
56	151
113	168
89	61
137	48
70	60
65	171
101	151
114	128
61	110
157	131
172	172
157	81
52	98
52	156
166	130
77	115
82	158
135	95
97	124
127	58
112	166
169	51
172	71
102	68
55	107
167	88
56	164
153	105
176	127
144	88
104	149
95	97
86	166
154	120
107	120
66	130
72	116
108	124
87	110
72	127
144	68
85	71
164	129
155	58
100	156
70	88
177	93
104	68
87	137
147	163
171	129
158	129
95	129
127	74
109	122
65	61
100	109
106	123
113	179
96	180
64	146
86	128
165	79
125	134
97	140
122	177
94	172
126	116
181	144
178	173
147	119
172	65
154	65
77	102
130	136
101	126
107	148
74	128
90	176
92	150
156	107
92	123
124	167
160	78
179	113
110	168
62	157
110	180
98	71
174	103
72	75
145	161
153	66
65	174
106	119
116	73
117	123
68	91
183	174
163	82
80	84
153	76
120	115
175	96
158	180
98	158
115	147
123	134
112	182
176	135
147	164
148	103
123	122
95	88
129	182
143	71
188	178
169	122
99	135
119	126
168	136
68	109
93	187
72	105
147	88
186	184
127	118
186	102
89	112
69	101
170	154
136	78
98	112
76	100
68	101
178	75
127	179
79	109
107	94
179	138
97	166
165	111
153	129
122	167
97	177
70	188
190	124
172	90
193	117
162	130
173	136
127	142
184	129
84	184
191	131
186	115
173	75
112	157
154	147
140	116
80	155
127	110
100	196
131	187
167	136
187	196
106	140
128	112
141	133
192	184
106	117
85	84
196	168
147	131
171	164
127	127
153	189
111	110
101	184
142	105
96	193
148	99
83	107
93	187
113	177
151	138
188	164
94	143
113	172
87	192
163	103
123	151
107	97
184	106
99	184
135	190
147	148
182	176
115	92
94	120
101	154
119	154
90	184
154	99
158	158
196	145
111	125
183	120
180	115
139	158
151	153
170	135
83	127
152	194
184	97
170	112
90	187
84	88
178	181
99	163
190	167
205	163
144	205
131	174
105	192
147	94
201	163
181	130
167	95
112	136
194	98
163	122
181	132
195	127
97	204
93	173
167	115
119	148
190	121
112	178
204	187
171	173
84	170
114	162
89	90
194	144
89	119
99	87
132	94
117	146
99	195
100	100
169	104
177	138
178	102
161	141
120	89
149	141
192	202
113	100
200	116
152	132
117	200
205	166
166	105
178	101
174	133
146	211
186	145
101	110
127	121
185	162
97	154
89	211
178	199
96	187
120	186
174	162
130	146
102	149
214	92
164	209
196	201
98	131
197	150
107	189
149	111
104	171
152	194
201	181
177	131
115	180
151	154
119	111
167	198
144	136
152	112
146	141
98	100
113	201
155	95
101	151
112	197
137	183
162	143
164	95
201	152
140	159
214	194
146	124
187	212
157	132
104	127
217	143
101	169
105	104
125	202
128	187
198	213
136	97
106	163
209	187
174	158
219	104
185	195
124	207
217	142
105	172
131	188
136	176
193	132
126	151
204	161
122	217
132	135
187	150
210	146
193	215
127	123
198	142
151	180
212	121
148	161
136	215
199	136
118	207
167	152
154	224
100	130
178	102
179	155
120	142
127	135
117	100
187	102
205	190
184	132
204	166
190	197
182	220
200	103
170	177
172	151
158	129
108	135
105	132
179	175
187	205
147	138
148	201
204	125
168	128
156	108
166	132
113	129
202	223
224	153
196	224
175	158
197	220
138	139
141	184
118	198
121	217
183	228
181	129
171	135
122	141
206	126
226	150
136	126
208	216
141	219
143	209
214	209
175	195
119	132
195	145
211	125
135	136
176	184
194	226
173	205
161	200
110	209
140	201
228	160
205	177
193	182
170	137
163	125
125	153
213	131
118	132
170	223
173	227
141	143
234	177
111	148
180	217
192	221
152	160
192	157
148	126
129	112
226	232
174	225
155	202
170	213
140	234
225	222
205	194
133	181
212	183
218	184
147	217
128	215
121	114
143	194
198	221
117	176
164	182
135	170
162	209
213	197
198	154
199	223
179	115
233	158
207	140
224	232
147	170
170	207
188	215
163	220
119	129
187	178
126	147
165	229
226	217
214	119
186	155
223	118
127	127
194	223
189	236
177	140
225	236
142	221
223	196
215	181
213	176
209	158
224	190
144	198
134	133
142	225
223	132
240	169
175	169
128	239
147	208
174	170
239	156
217	235
174	151
231	185
162	164
146	125
237	227
138	219
198	203
174	133
215	244
166	127
218	241
205	211
240	241
246	154
141	186
235	177
205	242
220	191
148	207
219	206
222	139
245	140
236	147
208	142
188	180
200	242
233	196
149	154
241	167
151	177
145	173
162	178
230	170
161	228
132	233
225	208
158	167
214	151
194	189
156	199
151	219
177	201
148	199
137	215
127	178
190	166
187	174
220	250
240	188
181	155
166	134
137	191
239	203
211	196
184	131
151	152
131	193
193	200
219	197
223	215
207	203
198	136
168	230
168	241
151	143
131	189
224	203
237	221
208	130
142	180
178	200
150	153
216	228
132	183
207	194
176	218
153	197
170	217
215	159
228	187
188	166
201	228
213	226
153	139
216	176
228	190
227	175
201	221
154	147
246	241
198	166
216	258
188	195
179	212
243	149
192	209
177	161
190	192
236	226
176	236
207	182
258	142
222	181
241	215
210	151
233	156
206	256
169	222
182	170
203	187
158	246
157	178
237	177
174	154
162	251
239	222
225	152
236	191
170	249
165	198
196	151
257	239
195	143
139	139
150	148
224	215
216	245
189	175
260	209
219	252
215	173
168	211
232	207
189	179
149	171
192	229
151	149
220	189
237	169
217	246
159	247
244	156
177	248
258	219
172	265
236	250
212	160
226	246
231	197
258	246
144	256
249	168
172	248
204	237
221	265
230	219
146	240
196	214
224	245
199	160
214	219
255	266
230	176
180	232
146	217
187	212
183	235
146	147
167	219
200	200
203	153
250	177
254	147
268	147
176	228
219	226
149	199
224	147
151	254
147	264
248	153
231	246
247	212
150	197
246	212
223	182
168	194
160	224
215	245
264	273
225	218
171	224
227	245
209	253
264	185
231	252
237	271
208	192
211	257
215	272
151	243
233	192
204	164
234	268
256	217
228	235
204	181
243	274
207	266
262	153
255	238
181	187
221	188
215	166
192	166
255	195
224	229
191	162
195	161
248	243
155	220
243	193
266	250
176	202
262	262
186	215
234	270
216	200
240	154
248	206
183	245
180	242
267	160
161	243
184	192
259	248
220	229
256	161
216	204
258	208
175	206
211	242
178	272
245	274
181	218
225	173
204	254
228	275
197	194
185	272
256	273
278	206
281	166
174	248
249	245
238	198
197	218
201	251
260	165
249	227
234	180
172	217
255	257
201	270
227	272
191	245
206	192
237	184
231	181
256	196
223	175
249	260
176	253
259	166
228	273
196	247
256	212
186	244
280	250
220	249
194	267
186	225
243	184
221	251
206	216
275	173
205	225
164	190
223	210
257	169
183	197
232	185
280	238
175	181
180	199
278	258
187	168
226	262
215	252
244	224
181	225
222	254
185	178
212	283
283	192
246	194
258	214
287	275
196	243
266	276
219	238
190	232
189	290
167	220
251	277
180	216
228	178
282	279
184	257
256	280
237	288
176	224
215	216
199	247
198	220
232	281
213	257
200	284
260	271
200	276
182	278
219	201
284	214
212	259
278	181
238	240
285	282
249	225
185	174
256	220
270	286
208	200
260	294
248	263
253	220
291	175
230	209
232	245
228	212
274	187
277	252
261	294
235	248
188	239
201	263
265	267
206	198
188	290
241	188
260	218
294	272
279	293
253	287
175	258
219	257
290	250
297	210
221	197
203	185
291	274
258	266
275	239
276	272
291	226
229	279
231	286
198	179
252	215
247	216
255	284
194	264
259	198
261	267
209	280
210	190
254	205
272	254
211	268
189	220
209	186
188	254
205	207
259	299
203	215
268	210
279	200
280	267
238	251
288	272
192	180
193	265
291	216
209	187
287	283
194	258
279	194
185	275
289	272
221	251
226	290
259	283
259	187
228	228
256	276
243	305
240	241
295	189
276	279
231	275
194	187
226	245
241	266
283	271
200	288
270	219
231	194
277	197
188	242
262	260
268	259
202	285
268	294
307	261
285	271
264	266
210	203
203	236
259	197
186	250
213	201
299	287
203	284
260	202
220	212
203	257
250	290
305	244
191	251
278	225
309	271
204	257
196	228
226	309
222	259
198	280
277	255
230	190
232	250
189	288
250	241
244	289
221	226
287	253
241	204
266	216
239	239
295	273
270	241
197	301
221	313
310	241
270	300
206	204
201	258
294	241
287	251
275	310
274	246
271	257
301	194
256	232
260	252
281	282
241	230
202	205
279	311
205	233
300	267
227	210
264	259
286	213
217	312
218	234
281	309
230	314
286	257
231	278
274	244
210	208
212	272
313	209
265	223
300	276
283	287
285	283
215	308
234	202
239	198
282	203
243	284
229	243
291	250
272	272
228	300
285	255
217	284
290	286
318	229
307	280
294	220
303	299
280	314
248	323
322	316
245	235
302	220
308	295
285	213
319	249
234	219
224	237
250	285
316	296
311	200
208	302
215	227
217	226
302	304
290	216
318	315
262	289
283	283
300	249
323	258
210	211
204	233
297	207
216	213
266	260
228	214
265	208
274	225
221	290
213	221
293	259
239	220
219	240
269	222
274	260
295	238
251	262
278	268
254	236
279	251
251	282
302	216
293	236
249	274
290	325
289	259
289	295
307	213
221	250
320	233
283	272
208	330
320	274
282	223
293	219
240	320
321	249
212	226
241	232
330	226
237	261
304	224
329	263
289	214
261	305
250	243
256	310
245	264
246	332
333	286
310	220
330	233
331	324
287	311
282	265
248	288
295	271
227	308
312	258
241	223
278	279
277	214
299	315
235	217
229	214
241	285
296	222
276	243
324	330
251	225
319	301
334	241
242	335
313	257
337	216
274	328
247	275
232	234
279	262
276	231
286	279
300	313
272	271
277	255
337	310
253	328
274	268
334	314
293	319
229	331
217	283
240	252
312	258
287	265
311	303
258	293
221	247
250	265
262	300
262	323
222	220
298	281
273	274
272	218
285	228
222	297
276	323
306	285
313	329
331	288
279	321
315	320
268	284
262	280
278	333
298	287
261	294
334	279
254	249
344	330
262	224
297	310
287	335
334	274
228	299
276	246
266	265
272	296
247	343
328	331
232	241
289	340
306	318
249	312
335	343
327	284
341	307
322	231
346	285
266	247
264	281
241	249
253	260
288	321
267	308
316	241
243	267
324	228
323	291
267	331
237	257
292	229
241	285
278	319
241	333
306	326
231	309
291	327
243	260
249	315
324	281
297	331
350	335
308	251
229	264
264	326
343	335
331	348
330	257
290	349
260	349
258	302
333	259
320	328
273	342
330	246
310	276
282	242
261	274
254	279
245	325
347	297
296	318
323	307
346	273
325	260
260	335
263	231
341	277
337	350
346	299
343	279
305	328
243	284
254	304
342	309
285	236
231	278
258	262
354	342
260	261
276	324
268	241
322	323
330	255
299	338
261	247
356	314
267	245
283	307
239	324
282	301
264	238
262	245
317	351
294	258
297	235
351	357
254	335
351	350
290	332
329	318
349	276
349	319
269	283
347	246
348	346
309	292
291	249
346	317
307	249
282	339
251	300
354	331
291	330
261	341
289	300
361	310
253	250
278	316
249	334
326	300
302	332
355	299
285	357
298	240
281	353
359	280
307	290
242	265
258	312
332	312
290	294
301	257
340	264
285	261
301	285
337	291
323	320
363	247
365	334
320	266
260	333
272	285
298	331
359	281
323	313
350	271
359	263
351	360
298	265
332	354
250	274
262	287
306	327
260	299
269	305
296	330
278	321
296	317
349	304
303	307
326	288
294	257
303	347
365	332
366	319
346	356
248	358
331	259
297	287
346	354
316	337
334	366
316	264
342	370
301	335
342	314
327	262
292	285
320	282
355	292
354	283
287	329
290	332
364	280
358	263
323	319
255	291
363	288
278	301
347	294
309	323
350	342
300	368
358	322
314	341
288	331
326	277
364	275
373	339
282	362
342	320
371	286
291	344
374	258
375	306
318	255
322	368
279	287
372	301
300	295
363	308
283	346
299	285
279	305
316	368
288	345
337	310
370	370
253	291
322	345
276	320
290	361
371	364
289	373
330	300
258	254
345	345
333	285
366	310
264	345
370	306
319	299
370	298
281	324
296	362
311	354
311	288
300	321
363	364
275	379
287	282
304	318
347	285
327	305
335	300
261	369
341	376
281	344
289	286
311	314
266	350
301	307
308	303
281	376
296	352
318	290
267	270
299	275
353	316
330	324
280	350
271	288
261	372
323	370
283	334
353	346
336	362
360	322
360	278
361	276
382	307
273	342
298	334
288	340
331	327
291	364
377	328
345	373
337	292
380	293
321	333
341	353
307	380
310	291
352	381
305	271
310	284
271	356
310	331
314	319
373	285
266	295
266	385
368	333
292	372
386	339
367	327
381	313
313	334
285	321
275	388
385	272
313	286
385	354
299	289
364	303
334	266
302	363
323	266
373	297
386	293
379	358
371	339
282	269
298	339
323	341
339	314
384	288
373	289
311	320
276	328
371	270
287	272
363	373
334	391
377	330
322	277
273	298
306	385
385	386
294	339
358	368
334	321
272	391
339	294
348	386
375	362
357	343
357	326
389	277
328	339
384	357
319	348
281	335
348	366
279	283
332	278
368	290
305	290
284	345
329	298
396	281
365	324
358	327
348	346
287	299
318	380
290	363
345	376
370	279
338	381
315	282
280	307
314	326
365	296
395	383
281	278
363	319
318	318
391	281
281	306
313	332
317	392
315	378
364	392
376	393
285	323
389	299
324	394
347	371
286	357
347	397
295	348
360	300
309	400
310	366
320	295
357	373
395	326
353	366
388	326
397	367
388	371
386	399
355	339
309	391
390	353
307	281
371	315
291	301
398	284
338	356
380	370
403	364
384	320
337	397
288	380
336	315
351	398
285	387
402	329
378	334
327	340
326	303
310	384
364	390
391	329
367	302
371	303
371	310
363	342
398	354
402	328
365	317
344	403
408	293
324	384
377	332
396	400
322	389
396	288
368	362
383	292
286	346
351	361
386	309
311	372
305	410
292	334
406	354
375	354
339	400
305	349
369	307
391	399
339	307
351	303
364	380
336	381
359	330
348	378
317	358
399	354
299	296
407	303
404	410
322	311
367	297
362	411
389	352
354	392
349	391
339	312
410	406
307	330
360	297
321	340
347	318
334	319
350	352
407	397
373	350
363	329
332	336
399	393
357	408
367	326
325	410
355	388
308	400
335	373
386	411
292	398
332	411
337	402
304	346
386	316
352	326
317	393
386	382
407	340
380	329
360	378
348	349
408	412
393	318
365	396
311	396
375	393
306	368
419	391
327	342
386	379
392	347
394	390
404	326
323	373
338	365
343	346
378	352
361	354
346	373
313	342
402	389
337	419
403	369
307	317
367	335
308	376
327	373
342	343
303	398
302	337
385	301
408	305
413	306
419	319
414	336
308	422
346	326
323	303
302	377
400	315
404	421
354	318
320	322
388	331
394	372
384	349
345	370
383	422
329	351
407	398
415	374
322	345
419	349
349	344
331	383
384	395
357	381
391	367
320	355
323	414
382	310
323	372
397	331
409	316
352	405
323	400
394	405
340	327
332	382
343	356
354	315
378	375
390	408
321	393
423	310
378	352
414	337
325	334
411	323
407	425
328	348
423	381
317	372
312	392
339	357
325	352
309	335
356	327
385	379
378	342
394	311
373	355
389	313
312	388
320	373
336	428
395	374
347	329
414	419
381	314
386	340
380	388
411	318
363	334
316	398
327	358
333	383
402	357
314	429
346	339
397	319
350	311
427	359
379	371
430	343
399	360
415	328
411	322
379	333
368	369
395	370
431	331
393	374
429	333
431	317
331	353
431	379
367	335
402	394
390	395
417	337
343	422
323	435
412	337
317	430
419	360
397	368
343	341
380	391
400	381
384	322
374	431
324	386
420	425
409	348
421	324
412	381
388	434
328	379
418	387
389	320
439	395
362	391
393	386
403	392
405	355
409	438
426	440
330	420
406	326
319	333
420	421
418	418
395	330
369	357
343	416
383	337
435	330
357	418
408	393
423	327
356	389
436	386
330	400
333	350
375	424
370	335
401	381
406	438
415	393
400	333
352	358
325	438
363	324
376	352
443	383
330	408
330	329
348	362
398	322
406	416
350	345
387	361
364	443
340	336
362	401
364	362
401	420
356	354
394	376
396	386
405	416
433	437
444	330
390	431
401	441
391	446
416	331
431	385
389	423
379	437
340	419
420	439
420	397
399	395
347	420
354	391
357	449
355	400
372	350
362	332
451	355
409	380
362	409
344	437
377	387
338	416
367	369
349	382
407	393
364	419
391	436
386	334
450	339
452	340
419	433
350	441
434	330
371	431
330	454
442	350
447	369
448	384
395	396
354	374
433	448
370	449
410	344
366	363
408	388
398	399
353	390
351	385
455	372
417	407
389	414
387	424
369	365
386	375
347	376
394	398
418	439
383	451
402	436
336	411
413	415
419	381
398	391
441	441
454	345
384	449
383	443
438	352
396	352
340	360
450	336
427	350
450	408
384	397
400	453
348	459
385	356
442	349
397	341
342	342
344	361
413	408
432	434
378	450
389	354
358	433
456	408
429	414
373	390
439	343
432	457
344	342
441	402
386	379
362	402
392	359
435	448
364	394
345	341
344	399
461	396
346	380
412	430
453	354
418	430
431	439
389	350
427	438
359	412
373	344
447	439
438	423
388	390
364	349
437	398
426	402
406	375
358	427
451	467
457	459
360	358
440	444
410	420
431	415
347	360
466	359
441	351
362	389
447	454
399	399
378	379
440	373
416	464
407	382
365	347
423	388
450	352
419	417
444	437
384	367
454	441
431	370
417	449
407	353
458	411
435	368
446	386
467	405
443	412
435	429
466	371
379	440
390	414
384	429
450	379
378	352
387	453
419	417
425	360
401	353
418	462
438	446
437	409
434	393
353	387
444	468
468	412
453	453
458	365
395	429
393	464
357	360
369	463
419	414
448	457
384	362
423	435
439	384
361	436
472	444
353	468
403	473
408	433
455	386
412	385
442	407
383	449
422	408
395	376
364	463
409	459
406	442
411	405
369	358
410	449
426	431
453	416
438	389
471	405
373	415
432	447
363	439
477	459
426	441
395	421
410	455
440	423
458	413
419	453
427	465
466	467
407	472
461	363
432	431
471	383
387	438
461	411
412	412
391	360
473	372
435	403
475	448
444	397
456	450
390	471
483	410
387	362
360	419
377	391
393	412
362	363
433	369
457	407
373	391
483	397
444	409
436	371
454	451
439	484
372	444
370	366
386	436
447	455
433	398
458	409
376	366
411	422
398	453
424	486
432	392
406	378
441	423
443	441
448	366
423	431
390	396
368	414
426	443
435	405
484	368
417	423
411	430
389	382
379	374
478	439
480	450
401	381
369	449
403	396
412	456
410	378
486	481
379	412
454	369
409	483
375	458
425	467
482	403
438	395
441	379
438	392
429	446
382	487
444	371
370	451
454	482
482	385
391	376
421	468
408	480
484	404
430	479
383	444
402	451
447	414
422	447
453	426
444	488
432	438
469	494
481	414
410	476
383	370
482	379
374	462
371	450
398	418
414	443
472	489
471	464
483	467
402	484
409	496
456	436
435	431
393	399
457	382
467	447
390	448
442	434
460	405
409	458
482	438
423	382
375	378
419	461
481	445
433	420
489	484
445	451
391	452
408	468
402	474
421	464
465	427
447	430
382	451
439	459
418	458
429	438
382	448
493	376
473	425
437	470
398	425
394	471
485	393
438	413
491	458
478	414
441	467
403	416
372	452
381	465
399	494
482	491
426	444
476	407
489	413
396	423
484	384
399	456
466	451
440	383
457	429
466	421
487	389
445	472
407	416
473	386
449	435
448	442
382	385
458	491
468	477
426	466
403	491
419	409
408	426
441	420
466	368
447	401
484	390
481	475
427	485
470	368
391	420
389	389
407	464
407	454
451	410
394	399
418	374
446	435
385	432
396	489
411	380
473	413
416	414
375	402
483	451
402	438
481	377
369	484
426	477
384	431
446	437
440	399
382	382
456	463
435	383
430	394
477	442
396	410
441	434
434	424
413	440
465	417
438	464
392	422
413	410
429	456
439	451
410	437
478	463
380	477
414	391
365	478
377	458
449	404
476	385
405	389
412	480
457	374
392	419
402	479
444	440
462	440
432	391
433	465
381	442
378	436
405	450
418	370
478	443
476	403
442	381
392	473
404	369
372	478
479	443
406	443
405	449
475	448
402	420
421	401
450	470
366	442
382	380
404	359
467	381
459	384
425	464
429	366
421	440
383	383
471	356
405	464
369	466
385	372
398	372
458	377
439	355
472	463
424	460
373	451
428	365
433	423
475	380
447	469
408	360
380	402
439	424
469	424
360	373
402	384
433	359
355	410
378	455
391	451
453	433
379	443
434	377
448	351
454	395
413	401
426	460
396	446
441	447
466	468
411	397
445	434
404	413
367	472
353	447
389	370
375	442
420	408
443	370
432	453
405	378
361	384
384	469
443	387
374	401
458	445
407	396
452	379
411	400
421	459
445	396
352	378
391	364
411	461
449	364
453	430
452	430
465	430
435	409
390	443
351	466
364	372
445	401
353	423
372	351
402	459
451	356
355	417
442	418
422	428
437	457
400	410
367	413
391	427
392	393
356	342
363	347
415	433
360	463
452	440
400	440
444	404
379	361
389	459
461	447
343	426
360	371
434	356
402	379
423	373
436	450
397	401
346	375
392	394
409	396
452	339
355	374
396	398
360	342
377	409
382	458
439	346
391	389
350	378
416	422
380	410
352	396
343	377
403	384
380	401
351	419
405	337
415	440
440	444
337	436
460	410
446	340
444	367
345	344
352	339
400	414
434	371
417	337
416	351
437	377
449	336
448	351
424	377
430	449
356	445
402	457
451	436
411	351
435	384
371	370
341	349
414	415
333	363
451	360
386	408
432	340
349	434
355	436
441	338
442	353
333	373
432	401
432	410
412	386
362	451
429	444
382	431
426	361
412	396
391	345
371	443
397	342
369	440
435	343
366	405
345	372
422	336
360	346
394	357
359	411
360	396
426	341
434	336
431	398
376	391
405	338
433	408
341	420
355	426
335	440
400	448
337	423
406	431
374	403
404	341
361	414
338	336
376	348
368	385
360	386
373	372
407	439
442	434
401	357
374	378
361	348
382	339
407	441
447	376
378	424
424	421
433	401
355	346
355	414
399	358
386	426
340	418
353	350
355	385
378	386
424	325
379	410
416	395
339	362
384	423
368	387
421	406
365	413
404	417
340	426
405	394
384	417
387	408
325	333
399	425
428	403
411	368
361	425
405	375
386	388
328	429
348	425
371	373
362	332
339	430
353	416
424	437
440	404
338	420
384	440
405	375
411	354
412	366
357	433
369	371
343	402
393	332
379	391
428	359
348	336
351	435
374	412
418	331
367	317
415	410
337	410
433	353
397	399
355	408
354	387
412	356
402	424
344	406
438	331
376	319
421	391
336	434
407	318
321	325
397	386
351	421
419	343
420	432
323	348
332	433
431	373
351	395
419	341
410	430
405	354
352	375
344	397
426	343
337	337
374	360
392	315
387	325
358	401
362	349
316	391
344	392
312	351
376	380
324	418
355	376
355	420
360	342
318	365
431	348
311	410
356	377
341	378
312	347
370	422
407	358
411	350
311	428
327	428
363	424
331	348
356	394
369	406
312	412
400	375
421	418
402	325
360	425
395	423
410	371
421	310
341	358
430	341
362	348
408	420
350	416
412	322
391	309
370	318
347	364
345	318
360	358
312	350
335	407
412	388
305	397
398	334
374	325
398	346
424	376
357	306
405	344
310	388
421	417
389	304
319	319
340	414
378	377
336	396
418	366
314	375
351	411
320	337
316	372
356	307
317	301
407	352
423	419
337	345
352	305
333	301
422	381
397	392
334	329
384	344
304	305
321	352
408	404
314	337
413	361
336	386
404	423
309	390
304	334
317	399
395	322
302	354
366	332
411	322
415	355
386	391
376	403
358	415
419	305
387	307
354	417
364	372
377	388
316	365
305	317
326	381
346	344
316	339
318	334
360	356
374	297
366	317
392	400
369	307
387	317
346	337
406	337
369	376
340	317
344	305
294	347
319	340
382	304
302	334
381	308
304	374
319	409
301	396
305	378
398	355
373	406
377	345
360	298
384	311
295	339
396	311
403	375
307	312
396	392
389	408
365	337
392	410
394	333
364	342
382	324
347	319
291	327
408	314
358	330
382	385
395	398
394	332
353	359
303	366
370	409
338	303
311	339
298	361
371	370
355	294
347	363
366	377
351	299
369	303
395	330
289	402
378	352
310	351
287	305
302	301
391	391
386	407
331	298
304	356
405	400
387	316
300	373
299	288
403	343
371	377
348	360
392	317
382	342
300	338
284	351
299	384
329	408
381	388
325	367
405	393
304	334
364	318
305	407
394	325
328	404
407	308
396	334
404	345
309	323
396	382
387	382
325	353
300	374
300	337
372	281
341	403
351	349
370	381
371	373
297	365
318	363
333	310
373	384
319	337
341	385
336	328
294	296
401	348
279	403
324	349
399	290
387	324
387	402
328	350
346	390
339	390
326	352
395	313
376	367
281	316
357	335
307	340
332	309
396	356
374	321
300	353
370	366
319	343
314	278
324	357
346	288
334	387
284	334
387	375
295	279
381	299
385	329
350	365
329	279
282	315
379	319
371	372
275	336
277	298
377	292
332	348
330	391
301	283
367	342
369	276
377	339
340	392
336	275
281	371
279	325
313	387
357	283
380	308
384	394
277	347
344	271
347	287
341	340
338	292
276	388
391	364
302	332
363	296
392	394
288	378
279	349
342	367
384	390
308	373
289	295
274	309
357	326
307	389
273	305
391	282
308	379
390	333
314	380
391	348
307	317
289	386
373	325
301	390
315	365
373	316
359	318
363	272
297	389
275	367
291	370
325	307
334	338
362	269
364	353
387	333
349	332
336	335
311	270
349	287
347	274
275	296
331	383
265	369
317	297
306	359
297	319
379	290
298	264
312	350
297	321
279	341
293	291
297	357
326	344
275	346
343	337
354	290
336	332
357	330
283	276
321	369
280	323
290	365
264	283
371	340
314	287
307	261
303	296
313	291
327	377
338	361
334	289
281	288
301	357
337	312
357	328
273	368
345	291
329	378
355	330
305	348
342	314
277	327
353	292
296	374
373	293
363	328
278	377
274	377
281	346
318	270
381	281
348	314
379	368
349	284
352	352
316	257
310	330
350	313
313	321
321	319
294	314
379	304
373	280
353	255
313	374
307	347
274	363
310	303
258	350
259	340
330	309
370	303
329	316
355	370
294	296
313	316
358	328
297	299
268	304
365	255
295	357
353	302
344	315
266	280
342	252
264	317
316	314
308	307
284	292
265	295
296	319
256	305
329	278
345	312
293	354
303	285
284	361
354	351
263	279
324	257
356	269
272	371
360	317
363	325
329	327
327	310
251	271
308	279
315	337
314	291
369	322
274	305
315	311
257	270
304	344
294	325
326	296
329	328
263	316
327	310
283	332
342	255
347	312
334	254
275	247
308	358
302	370
248	321
258	245
302	304
257	251
291	324
276	322
332	363
327	344
261	329
318	258
367	318
268	291
324	252
296	298
294	327
244	254
342	297
328	337
289	332
357	250
362	283
342	256
276	344
275	249
354	291
293	326
303	282
325	300
361	337
290	354
304	247
315	300
255	342
246	326
254	334
253	363
284	281
295	273
282	332
314	243
309	341
252	289
283	322
259	276
244	289
335	275
284	351
243	282
242	305
323	240
308	255
264	314
252	323
333	312
283	354
237	361
275	286
325	350
327	312
312	245
249	319
302	247
238	292
298	345
360	282
302	258
242	270
271	347
237	260
296	243
239	345
309	337
290	296
281	235
283	307
337	353
323	314
271	275
267	276
244	312
252	264
252	239
304	347
291	342
242	240
266	303
254	235
296	242
272	266
248	298
310	296
315	309
287	236
338	321
268	235
338	297
337	339
231	287
246	319
310	324
341	301
344	320
237	323
293	294
289	337
327	284
245	239
270	346
328	298
341	238
300	282
348	333
276	272
234	328
282	256
287	265
253	266
326	343
330	304
318	316
344	312
244	243
273	261
228	349
283	314
236	343
330	306
231	280
346	269
299	244
333	235
306	286
314	275
273	299
250	334
320	229
345	244
288	235
238	247
318	263
306	304
253	281
294	249
347	282
230	256
264	265
287	267
265	262
240	238
261	310
288	243
344	326
325	290
265	301
246	227
288	273
341	279
344	301
281	265
316	232
321	316
311	281
311	255
341	342
292	311
264	293
331	280
221	323
342	233
252	235
290	288
306	283
231	292
271	300
276	302
299	285
323	286
291	310
299	235
238	242
341	279
332	333
308	273
298	325
276	279
242	244
291	262
279	281
246	277
238	282
292	334
298	273
247	261
323	235
242	267
219	324
230	224
300	224
265	312
314	312
278	259
326	271
284	333
218	250
268	294
299	220
288	241
239	269
319	243
308	215
247	250
295	334
270	220
269	279
247	335
318	289
261	245
287	235
273	284
245	229
241	301
296	324
247	243
215	319
297	220
220	239
212	240
307	283
290	312
256	309
326	262
235	220
286	314
215	278
227	288
268	279
301	215
334	222
278	212
259	322
309	245
301	212
286	326
313	253
331	277
235	245
278	260
215	229
237	220
284	323
250	230
312	239
292	244
281	285
256	286
266	318
234	327
296	211
229	272
233	220
241	285
224	301
309	317
269	228
276	228
310	259
267	296
240	248
323	258
303	243
244	259
213	310
230	326
209	249
311	317
288	286
320	228
272	291
291	324
303	306
323	221
213	303
250	240
281	318
234	318
303	205
308	243
266	237
300	277
220	220
238	265
222	326
225	316
222	224
294	322
312	285
207	222
264	265
219	287
315	290
206	225
265	206
259	254
307	237
259	232
259	230
229	220
292	278
294	213
269	309
277	292
232	313
201	310
233	203
282	204
204	216
292	239
267	293
282	309
233	306
237	258
233	222
267	232
307	226
277	210
280	239
290	201
320	221
233	206
202	264
200	278
279	269
219	319
248	259
235	319
295	240
210	228
292	253
230	229
305	252
210	284
288	257
234	230
194	301
248	260
271	273
236	313
219	293
223	272
214	293
222	262
213	247
311	249
236	298
201	216
277	209
219	214
262	255
256	263
274	235
217	209
305	255
284	302
232	284
298	191
201	270
196	252
194	193
300	268
225	223
300	280
292	264
201	207
273	275
307	296
257	304
194	239
217	223
279	235
253	255
212	283
276	218
228	276
244	274
196	192
246	270
294	219
268	222
309	189
210	295
