278	346
304	307
324	292
290	263
349	352
313	297
278	367
289	270
281	332
264	319
272	279
302	348
366	310
271	271
334	266
328	270
255	319
250	341
262	352
337	346
279	352
270	264
341	294
271	270
269	257
264	333
336	281
326	322
272	351
281	275
353	346
255	370
339	305
367	289
319	275
263	290
335	258
320	284
372	272
293	313
265	277
351	312
344	339
312	339
251	311
317	292
310	349
371	307
343	309
262	326
333	306
335	346
362	359
365	281
312	337
374	340
264	303
334	358
367	364
301	346
301	262
297	274
373	293
288	296
260	349
278	331
252	371
358	357
259	286
261	314
317	348
358	325
312	303
353	307
358	291
277	362
334	317
368	297
313	250
269	264
355	340
288	361
277	300
329	254
298	321
343	344
258	364
290	306
297	279
371	282
373	256
269	303
321	256
251	281
324	310
307	347
285	271
260	284
286	336
251	339
352	350
344	280
366	317
325	332
281	258
327	285
321	301
366	337
348	323
365	363
252	330
362	281
261	281
363	327
290	288
343	340
272	361
346	311
293	336
300	310
354	328
310	313
374	363
260	279
323	286
360	311
357	328
264	333
351	267
350	262
297	351
290	259
304	339
270	266
325	349
328	261
277	324
276	256
283	294
323	250
346	296
305	333
354	302
254	257
331	274
346	271
324	325
267	360
279	322
263	256
373	347
304	359
274	296
290	334
348	283
333	263
351	269
283	299
362	310
327	287
302	294
298	319
331	373
254	335
342	359
250	349
256	300
314	370
362	259
297	305
299	318
367	325
286	294
266	369
255	346
337	278
345	342
322	329
291	304
373	354
331	255
257	272
251	358
332	253
331	347
305	334
323	294
339	325
327	334
271	272
299	366
274	264
339	313
338	374
312	261
257	286
315	343
277	275
314	329
313	292
261	254
346	271
261	284
331	330
361	322
298	251
323	345
310	288
295	252
362	281
272	321
334	322
290	287
282	272
317	314
325	257
314	325
342	329
324	341
318	286
265	300
303	278
282	368
260	268
359	272
326	264
374	252
257	251
275	293
270	262
328	255
333	344
316	303
260	299
351	326
309	374
331	326
319	306
372	374
321	269
343	258
302	345
349	289
372	275
324	352
349	287
295	254
268	279
359	367
282	291
337	276
266	275
349	297
365	307
282	310
339	303
282	351
265	293
318	334
337	346
308	264
340	294
256	303
252	322
322	312
277	261
253	292
302	337
353	302
259	331
366	313
365	290
281	337
255	359
311	298
277	290
364	312
300	273
334	300
345	299
285	270
288	320
263	346
287	278
264	251
337	350
338	300
358	296
261	320
324	282
317	355
341	336
367	355
315	306
266	335
341	302
359	336
306	313
355	357
361	290
319	290
329	267
252	337
302	307
363	299
262	329
363	355
296	302
313	313
329	278
333	272
325	286
295	348
328	324
250	306
352	309
281	371
266	317
263	294
350	277
262	279
356	371
251	261
271	312
356	322
255	353
323	345
281	321
370	323
318	316
337	257
354	302
307	354
293	257
291	276
251	340
257	281
306	356
329	374
286	289
252	280
368	251
277	300
337	258
312	302
322	319
276	282
327	345
339	264
262	340
349	338
306	301
271	270
293	322
287	336
309	366
333	315
350	288
266	314
309	296
372	347
370	263
372	287
366	359
291	330
359	314
266	356
359	276
257	355
334	310
365	287
351	317
268	274
368	337
320	314
262	329
311	327
280	351
358	258
363	368
374	301
262	327
327	304
318	252
254	271
289	315
338	312
332	271
346	370
312	312
270	334
362	329
287	348
371	330
337	277
339	297
347	305
326	374
312	312
325	289
363	271
277	258
285	282
366	341
295	361
308	308
363	277
253	257
275	354
329	301
253	320
293	296
279	349
306	259
321	256
348	265
361	299
369	251
266	363
312	273
261	265
270	277
295	335
345	256
272	371
355	304
267	341
344	347
361	362
354	350
252	251
287	270
364	316
318	261
273	294
371	260
311	346
347	357
263	307
255	251
276	290
350	310
295	261
273	280
360	264
302	365
309	308
250	283
257	283
318	306
345	337
330	277
348	267
291	358
304	333
280	326
304	304
372	253
317	358
349	314
361	316
354	306
300	263
348	254
293	305
291	306
336	366
340	337
302	265
340	280
292	280
275	265
309	251
254	329
353	324
307	260
292	254
299	304
327	369
286	349
335	298
332	350
338	250
349	265
360	364
273	360
336	285
318	370
261	365
258	335
339	340
365	252
347	326
266	253
270	289
343	340
264	319
316	351
263	262
322	257
342	367
358	275
340	328
274	305
374	304
374	293
284	317
262	261
327	364
253	334
299	250
274	289
290	301
278	254
331	269
358	350
367	255
340	259
340	336
268	359
252	341
284	342
339	291
339	264
251	259
318	334
284	353
358	374
295	318
329	254
334	331
344	293
298	361
332	365
251	321
315	351
306	330
356	300
266	346
264	320
253	344
298	365
250	284
355	261
332	252
350	312
315	329
265	327
338	339
362	265
262	298
358	326
329	329
293	251
315	324
299	303
265	306
306	366
352	309
374	369
277	252
346	321
272	373
296	367
290	273
326	328
277	357
331	281
359	260
311	286
258	309
342	289
347	259
267	261
260	306
264	303
267	341
329	296
268	369
294	349
345	329
349	360
370	270
260	293
313	344
353	280
331	274
251	350
304	341
354	272
328	319
292	309
293	305
358	360
329	370
332	345
273	310
302	369
287	251
267	305
287	317
329	324
329	255
325	257
335	351
334	265
292	274
349	263
325	363
358	374
363	324
253	349
275	364
346	361
342	250
356	320
254	311
269	310
356	308
318	336
333	286
316	253
372	349
318	322
337	251
351	355
369	360
263	336
365	351
265	299
350	274
355	254
301	251
374	303
365	373
357	354
348	283
286	300
283	253
340	347
374	323
335	296
297	357
303	348
283	370
325	336
342	370
262	309
264	302
357	311
341	292
265	320
325	351
292	340
277	280
366	361
263	323
326	268
320	288
325	374
310	308
288	334
311	261
253	267
278	330
306	348
278	358
296	301
253	372
290	269
341	280
369	294
370	303
306	310
252	353
353	373
250	304
335	285
359	264
341	302
349	277
337	267
304	275
267	290
344	269
272	321
302	271
325	374
370	325
319	338
260	256
324	339
305	364
273	269
257	359
318	334
340	323
272	254
338	270
356	335
364	327
291	356
335	350
365	306
318	323
361	345
348	280
331	264
366	261
266	314
283	302
354	281
361	317
353	354
285	360
301	339
253	289
282	291
257	370
325	357
359	366
293	256
374	252
282	261
333	339
353	285
342	254
250	350
313	372
355	279
252	278
253	259
269	368
277	327
349	283
324	344
355	332
282	308
352	302
327	345
338	344
371	312
365	331
350	349
338	367
366	366
305	307
293	339
293	284
280	324
333	257
261	280
290	356
285	345
284	268
330	366
250	299
283	368
371	294
360	292
308	348
340	325
374	266
347	371
289	333
302	333
262	333
327	305
329	320
304	262
264	267
362	352
342	270
287	252
300	288
315	275
331	346
304	262
322	279
263	368
293	366
296	282
307	354
312	264
287	362
300	358
257	289
355	257
358	300
334	361
260	347
341	266
304	341
358	361
287	327
290	261
312	294
254	330
333	307
309	327
255	305
267	348
265	324
285	361
362	365
300	362
304	313
311	296
360	263
322	346
314	329
342	260
250	253
331	359
252	315
332	255
250	352
330	277
288	278
265	336
371	370
314	269
363	288
288	311
354	274
286	350
258	252
293	365
371	297
251	262
283	295
332	333
279	324
258	341
308	281
289	334
267	295
369	309
329	361
374	297
251	329
330	316
357	259
296	284
287	251
374	257
369	261
374	323
306	302
250	368
307	291
262	359
366	251
338	307
307	369
340	323
294	268
259	300
322	261
271	263
356	345
284	355
374	291
349	336
252	295
256	323
319	344
309	298
269	313
270	368
262	317
284	356
338	320
259	314
340	365
288	314
361	373
297	365
316	273
333	344
271	317
333	353
258	340
363	356
368	263
346	324
326	325
327	359
323	252
320	314
362	373
364	356
342	267
361	299
371	304
356	365
315	252
275	356
281	360
289	271
258	364
362	350
263	358
333	298
297	315
330	354
288	294
282	259
342	323
251	311
294	252
336	294
352	363
277	338
309	259
288	313
306	290
373	355
337	365
289	305
334	328
313	265
318	270
329	294
297	329
280	294
368	343
280	265
360	340
260	290
319	300
328	311
253	331
362	280
342	318
344	370
356	311
328	369
326	286
303	365
348	361
308	255
252	283
272	303
360	256
343	363
309	311
362	341
344	268
319	301
279	288
370	314
374	260
276	348
270	279
312	272
291	347
268	351
374	285
374	370
354	298
357	307
276	251
324	316
366	265
357	319
322	300
317	294
372	336
363	268
256	285
341	259
325	294
357	324
343	250
299	330
288	281
253	329
368	308
281	359
342	301
344	347
313	343
337	343
351	334
338	258
264	364
365	336
323	299
256	349
272	361
367	309
303	323
304	349
301	277
368	330
255	255
332	316
290	288
324	312
289	308
272	353
269	306
361	259
258	334
250	283
258	322
373	342
267	296
331	295
318	345
256	264
307	273
260	270
287	340
352	341
363	351
361	360
278	367
345	303
287	317
270	326
269	267
353	302
332	311
333	295
301	283
266	337
330	289
310	361
307	264
276	368
348	281
263	255
271	293
330	293
370	339
319	334
308	315
264	358
279	355
279	284
289	290
283	361
355	333
304	360
310	272
362	290
282	362
339	370
297	366
302	317
293	297
327	288
361	284
314	339
265	342
305	261
277	252
305	316
338	366
371	333
367	317
321	281
293	301
304	351
347	363
359	326
339	303
270	298
253	311
325	256
356	313
314	331
297	271
289	284
292	266
279	347
340	292
250	265
336	282
285	280
272	292
255	274
258	262
330	256
282	258
259	354
335	297
362	275
279	361
273	291
320	360
296	328
349	260
359	296
326	274
274	320
338	288
347	288
373	341
331	283
263	265
263	321
294	321
319	282
322	292
275	303
318	347
328	329
264	337
347	350
316	254
257	279
329	289
330	368
359	354
335	317
346	344
253	278
262	340
318	329
364	344
357	256
316	261
343	331
354	365
316	260
316	326
354	316
297	365
373	372
292	303
268	368
374	372
281	297
355	308
357	349
267	343
336	368
364	337
324	320
352	358
334	322
282	260
253	312
348	332
287	275
364	319
325	301
268	368
301	335
341	289
304	303
300	352
285	352
321	284
257	273
284	355
287	296
254	295
296	270
328	274
348	339
366	265
284	272
317	304
351	312
353	350
319	282
288	265
306	291
295	341
267	302
345	312
256	322
274	364
348	373
298	337
282	319
343	370
349	329
254	314
252	350
269	350
290	269
280	318
345	291
371	360
296	325
298	263
305	359
339	340
320	317
284	318
276	314
266	265
280	283
355	323
356	301
358	278
319	299
256	364
276	293
368	299
302	275
283	275
294	284
261	320
348	311
316	273
270	282
371	304
296	368
330	314
311	292
352	354
349	287
369	322
279	285
374	372
374	329
275	299
358	278
305	308
257	344
358	287
281	337
273	290
262	307
361	271
362	313
280	298
335	255
333	271
365	304
316	350
367	309
337	307
283	357
358	313
302	252
291	278
264	324
363	359
287	280
300	260
312	331
343	374
308	337
347	329
308	341
313	273
330	347
263	335
290	317
257	345
319	294
282	322
369	296
362	268
348	298
276	306
259	309
323	346
358	326
306	311
364	269
302	317
332	345
268	310
358	334
273	323
277	279
322	272
364	284
279	336
321	369
326	291
365	260
266	336
263	364
282	298
267	318
332	318
322	334
318	273
316	343
250	260
368	337
289	275
330	341
280	302
296	303
317	266
283	333
323	335
282	303
296	359
256	317
254	324
273	368
258	272
350	326
274	360
373	353
297	320
272	361
331	327
294	314
264	287
368	298
253	256
349	331
366	302
259	351
319	308
350	319
331	276
290	255
250	264
312	301
319	325
252	320
256	287
270	267
310	285
285	320
324	258
302	271
338	336
360	317
318	281
366	336
366	252
301	314
263	332
372	368
352	369
312	283
318	338
268	338
365	348
285	263
250	357
263	271
374	260
294	273
359	322
269	328
363	265
355	284
337	331
371	346
350	341
293	326
334	271
361	330
268	276
251	270
286	314
307	286
340	315
351	301
320	250
280	355
363	370
362	325
361	279
252	324
328	363
324	361
328	270
367	264
364	293
285	253
349	306
280	336
365	305
310	296
319	338
316	307
350	276
332	296
287	315
352	264
356	370
326	370
326	320
355	259
353	298
320	294
297	259
276	297
288	265
279	266
346	306
320	353
309	295
313	355
366	362
338	254
352	354
311	291
325	286
295	312
306	263
264	316
369	325
273	348
272	270
317	308
303	340
373	304
313	323
368	338
284	309
288	278
264	251
330	313
274	255
252	366
329	294
305	296
274	277
295	325
327	286
337	349
321	276
328	256
267	355
328	298
335	356
316	275
296	369
331	327
353	299
354	277
258	343
364	253
315	304
359	352
352	300
292	303
361	308
366	265
311	268
329	319
372	262
337	348
285	349
291	285
276	263
290	315
270	330
338	270
297	341
328	262
346	349
261	254
346	355
319	294
252	280
252	370
289	255
255	262
357	270
267	335
370	334
344	327
262	294
367	295
334	296
292	288
270	343
325	301
322	334
282	335
277	300
321	307
288	340
297	342
372	300
339	366
324	267
334	295
270	328
263	352
319	325
361	297
311	283
342	302
277	340
257	294
321	314
362	286
296	268
254	277
265	368
348	339
328	267
328	310
293	294
340	278
295	371
358	295
310	264
260	279
370	356
318	289
347	306
333	332
295	289
257	338
303	371
275	260
258	282
274	321
271	314
280	371
366	371
299	344
341	264
328	355
307	370
322	360
274	327
269	310
304	304
331	366
364	288
291	327
256	315
277	296
344	301
278	317
251	361
272	259
326	329
344	343
259	274
266	324
319	356
255	311
266	302
358	302
260	322
332	343
349	283
292	284
272	269
342	274
254	372
356	339
297	303
311	370
301	291
304	299
364	304
307	306
347	333
320	364
322	329
325	298
343	269
340	261
254	293
253	360
266	345
317	369
328	322
367	281
265	313
294	368
359	314
279	348
260	252
321	261
289	271
329	345
254	316
260	255
286	255
299	302
287	340
330	293
359	359
253	324
372	266
250	295
253	332
308	288
252	254
268	315
333	331
328	317
267	364
364	257
293	251
302	362
373	264
368	284
313	281
309	365
269	260
332	251
333	333
285	286
362	308
335	355
256	306
307	270
350	362
255	281
298	269
289	293
344	266
365	345
360	328
253	263
346	267
356	337
343	340
364	346
347	255
327	279
330	285
355	310
281	264
290	340
367	279
328	334
286	282
287	319
346	363
361	272
340	330
346	256
264	336
367	258
257	300
331	263
304	351
305	324
318	326
335	316
343	359
264	353
333	361
356	307
370	282
315	353
338	309
361	268
363	339
354	324
292	302
272	254
311	324
277	369
292	297
293	372
351	338
365	273
349	278
313	362
271	332
316	264
316	275
356	299
290	258
348	362
318	329
374	251
309	276
251	341
344	273
299	266
343	364
252	285
276	293
332	344
273	331
369	309
334	318
321	336
318	279
336	368
287	254
276	354
301	335
302	302
321	326
307	320
296	360
350	335
251	330
337	304
285	296
340	365
261	252
330	349
371	284
305	335
311	255
308	355
340	262
358	335
333	295
343	296
312	276
258	267
265	299
360	275
354	359
294	317
279	364
372	370
329	295
312	352
277	347
297	356
307	321
370	308
332	356
289	306
260	362
265	259
350	332
293	342
280	323
368	279
298	307
331	357
369	337
332	358
352	316
277	297
361	290
265	296
359	371
319	251
312	352
279	273
293	300
308	372
254	267
303	337
276	281
255	331
334	315
257	306
286	314
356	256
274	268
298	277
313	273
368	287
268	308
284	299
262	355
302	274
291	299
372	327
316	368
282	306
258	316
314	354
362	359
367	294
319	252
314	371
254	355
261	333
286	356
328	250
336	264
371	286
302	336
350	276
300	273
335	364
299	300
254	340
250	365
297	316
294	253
296	345
364	336
364	350
265	349
293	267
315	261
321	303
336	298
256	363
300	352
365	265
328	335
322	289
278	332
251	353
346	315
311	289
312	342
278	279
265	292
323	297
313	318
332	349
346	333
263	294
275	283
365	345
297	356
268	320
346	308
317	365
312	313
368	314
274	286
304	266
326	311
280	340
256	315
281	341
365	316
250	330
292	284
290	308
269	335
252	347
258	272
338	328
346	287
302	284
367	281
323	284
325	272
361	337
289	366
340	374
337	260
271	348
284	352
263	311
344	351
292	294
326	283
350	353
332	303
325	331
353	337
321	292
361	307
362	357
333	302
362	301
350	260
304	309
342	285
310	320
253	324
353	358
262	294
286	337
320	351
340	273
258	336
337	302
296	251
361	295
309	318
298	330
285	334
272	250
276	362
252	258
350	274
362	292
348	250
347	271
251	265
308	315
267	289
296	344
326	352
297	371
253	261
262	283
361	311
360	321
347	304
373	297
265	364
363	348
262	328
275	323
331	307
253	281
279	250
270	349
339	269
334	272
355	339
263	268
342	355
350	337
270	268
255	318
333	349
333	253
310	354
285	334
317	283
308	253
367	263
252	300
298	348
257	328
262	350
337	368
276	289
370	251
253	365
259	270
311	308
284	338
319	357
275	345
331	308
290	366
266	334
350	302
282	308
275	348
303	328
336	250
258	314
297	273
315	343
292	312
370	277
265	325
304	290
320	276
331	357
308	257
273	319
251	298
313	327
349	360
356	335
251	295
360	265
315	276
264	297
355	359
374	294
275	272
296	281
320	263
367	348
269	298
300	332
351	324
329	289
312	256
256	290
310	269
336	265
257	353
323	287
372	293
309	345
327	293
326	286
304	278
360	256
304	360
332	318
286	289
323	312
258	345
357	328
366	263
354	298
350	289
298	356
297	319
374	349
297	317
312	280
269	280
294	253
339	356
293	279
366	292
259	303
347	309
373	316
311	304
270	304
369	301
270	341
261	358
347	290
307	374
356	345
300	269
314	263
326	318
320	282
302	340
272	302
263	324
251	274
267	358
298	303
322	325
321	329
364	345
368	262
256	288
322	302
336	250
351	292
256	255
316	371
323	348
268	350
326	324
329	326
320	372
345	312
290	319
288	276
257	313
365	290
265	275
316	360
359	351
282	287
329	288
281	262
340	302
312	267
264	309
267	314
275	349
370	282
295	362
302	279
250	372
267	315
274	326
328	305
349	349
371	289
275	323
309	322
256	320
294	334
261	300
271	308
319	323
276	319
335	269
360	256
329	357
256	324
297	365
277	346
284	350
362	349
340	250
354	323
309	372
252	257
294	330
335	278
346	370
338	318
313	374
296	282
331	374
285	275
332	320
335	363
279	254
362	366
294	301
287	358
325	280
351	291
371	342
275	302
305	271
282	366
252	341
289	327
266	253
264	288
306	348
290	311
277	368
369	322
353	312
356	284
374	257
269	264
296	362
291	292
339	339
271	312
296	252
276	287
311	290
273	256
294	338
305	285
252	315
341	301
251	268
298	325
334	339
363	261
354	338
304	267
317	268
300	366
360	359
270	279
318	256
308	355
275	322
344	363
333	332
290	293
347	256
365	329
358	360
365	339
260	250
336	270
287	267
370	346
313	359
338	359
367	328
304	334
294	297
369	352
324	361
287	271
265	318
252	306
252	325
366	272
281	259
287	320
324	353
316	346
324	332
355	259
341	288
321	342
278	320
325	325
260	294
368	305
306	343
303	374
256	322
323	329
373	259
370	275
289	300
298	295
350	329
289	288
291	262
252	282
262	268
280	304
372	371
352	334
282	360
257	358
358	333
348	330
364	335
330	344
372	359
317	309
297	250
277	261
320	362
325	321
261	369
343	353
322	362
310	340
364	362
265	301
260	331
288	363
284	254
318	261
282	276
265	317
325	368
346	332
263	359
374	311
315	275
370	330
363	278
317	302
348	293
323	250
259	279
322	279
354	357
295	358
355	329
254	347
315	266
292	363
259	262
271	358
301	285
319	291
260	368
364	311
323	305
352	326
273	291
353	344
255	369
344	306
308	274
356	341
365	305
348	324
366	305
269	307
280	348
262	304
255	266
297	342
372	309
320	326
284	320
291	296
307	350
260	374
283	325
370	253
317	367
250	342
327	340
365	250
256	352
312	291
311	300
284	299
300	295
257	357
305	252
261	310
299	315
302	355
287	288
369	303
319	266
338	291
363	257
333	321
334	318
320	277
258	327
325	351
276	317
313	372
256	284
324	370
355	252
346	266
300	351
285	261
289	302
311	283
256	319
277	266
285	372
359	297
352	351
279	292
370	259
340	363
371	333
367	296
327	300
323	333
282	282
267	264
284	355
268	315
332	266
344	304
275	251
362	336
359	304
310	311
261	371
262	346
260	347
266	299
350	335
306	254
333	279
326	286
282	258
272	323
354	342
347	258
365	341
297	289
297	344
352	295
336	356
342	357
256	277
340	326
295	333
267	252
272	360
260	270
366	323
332	270
317	331
289	350
297	367
363	344
338	323
366	282
330	342
362	251
288	328
321	300
260	264
351	270
357	273
359	283
311	283
277	261
280	274
295	274
312	373
352	262
362	281
374	325
372	277
336	262
288	370
374	274
343	274
312	333
297	322
266	338
334	374
300	315
347	321
327	303
374	345
289	307
292	343
271	263
304	346
369	366
257	371
256	368
312	264
360	318
291	342
372	362
370	340
271	296
312	253
301	299
299	253
346	348
340	275
300	268
295	297
313	275
355	373
268	352
320	258
279	365
349	337
365	326
258	336
345	374
328	279
366	253
289	369
303	355
276	326
300	305
344	296
311	363
280	366
359	271
263	300
336	341
269	266
308	278
328	359
334	266
365	366
334	364
252	363
274	302
365	343
370	368
332	322
264	352
299	321
259	348
302	251
340	316
271	369
256	289
279	342
255	258
315	348
272	267
274	310
350	360
322	297
304	251
343	326
317	295
312	254
273	287
290	253
363	333
284	268
270	294
325	281
264	262
263	321
367	290
372	355
267	361
311	339
318	346
269	319
259	326
317	321
354	367
357	343
357	326
271	354
341	348
258	254
263	274
280	317
329	256
281	274
359	300
338	262
295	350
324	342
325	332
291	323
328	312
269	346
316	327
328	322
352	290
288	366
280	366
255	255
325	296
272	329
293	363
310	373
328	255
339	365
282	266
345	358
285	316
324	306
331	318
321	374
306	300
290	335
255	337
255	304
315	338
250	274
329	369
371	263
276	366
332	323
293	252
285	264
367	354
283	317
312	256
296	320
350	257
331	365
359	263
290	277
298	364
256	260
370	358
270	367
367	350
371	323
313	342
336	340
344	269
322	265
360	361
302	336
325	358
353	304
348	337
358	301
338	328
255	287
285	343
259	300
324	321
330	371
273	304
261	344
338	269
275	348
297	322
371	255
342	283
268	324
316	356
280	274
371	354
329	296
269	343
273	353
269	323
310	267
282	315
276	278
339	330
276	252
352	283
270	267
273	261
325	264
355	373
304	351
293	345
273	302
358	317
268	263
297	354
340	266
374	317
355	329
368	251
314	363
253	354
298	269
268	290
264	254
258	252
374	336
331	365
351	308
347	257
339	276
313	291
357	284
278	271
331	336
300	372
312	255
351	286
352	373
303	268
253	369
359	372
305	353
318	309
330	369
370	317
367	352
291	340
344	258
345	320
265	292
347	317
366	333
276	297
280	326
265	274
349	312
297	253
354	304
250	350
298	320
256	339
326	291
305	285
370	276
258	363
361	254
312	273
271	268
371	307
267	330
307	265
250	259
299	321
338	355
250	296
265	278
291	293
370	255
347	372
297	253
276	276
272	281
263	297
312	321
286	328
369	269
373	293
316	352
252	344
272	325
315	351
288	307
271	369
324	320
291	366
253	255
251	299
322	279
347	281
359	343
353	260
342	344
369	260
262	356
301	260
291	362
337	283
259	359
319	352
333	323
282	254
275	356
311	321
258	251
280	324
344	288
361	343
362	364
367	328
365	345
358	303
353	273
288	369
347	372
251	278
295	346
258	359
352	276
316	328
280	335
346	254
289	268
373	269
288	320
348	363
341	290
262	267
353	259
311	257
346	279
336	372
319	372
274	360
371	302
352	252
354	361
323	319
357	264
315	318
322	358
339	276
371	311
350	318
260	305
335	345
304	294
344	266
347	341
342	342
352	360
250	356
307	327
301	269
303	363
349	285
336	293
340	283
285	327
304	324
291	359
355	329
310	350
369	371
298	359
314	252
334	252
266	268
328	274
284	358
346	279
280	302
344	272
280	310
279	368
288	349
364	282
360	276
311	331
319	286
252	321
287	263
294	291
292	307
251	318
334	364
311	284
368	325
263	348
252	310
285	292
357	303
336	335
302	351
333	323
296	361
286	307
295	291
344	348
343	328
364	338
354	281
303	286
292	275
328	333
286	365
251	281
275	366
265	323
336	331
363	274
274	286
340	266
277	299
344	299
334	362
257	326
288	275
292	323
277	331
285	303
266	307
321	371
368	330
335	265
349	272
259	317
298	345
369	353
336	374
280	261
254	270
322	257
353	309
353	334
371	264
372	271
267	257
307	264
279	337
309	354
264	335
318	365
342	318
270	298
266	345
315	354
252	323
283	253
296	297
310	334
259	288
325	253
290	319
304	290
256	276
265	311
257	259
370	369
324	299
346	305
371	299
362	370
255	296
262	268
315	282
284	250
352	333
293	373
279	294
347	282
345	342
360	284
251	259
288	354
275	281
298	358
311	256
311	347
361	352
372	310
251	278
283	284
289	334
284	374
296	316
345	357
369	366
256	267
314	305
272	361
293	289
373	311
352	252
298	307
271	334
341	318
322	267
308	310
341	317
268	281
353	260
295	349
302	311
319	308
346	334
288	299
273	280
297	255
279	329
369	263
373	331
297	317
254	351
255	302
345	251
309	349
273	305
278	274
316	293
359	365
289	345
297	320
300	333
358	292
333	299
305	266
355	281
327	361
328	306
336	291
301	315
357	292
332	285
366	332
343	262
268	330
371	290
254	363
317	367
277	343
306	298
356	356
355	353
327	252
324	301
290	357
365	324
315	293
311	316
301	305
302	335
317	320
263	367
271	342
328	264
355	361
299	368
374	294
264	362
373	290
250	268
369	273
258	299
271	290
323	330
340	373
357	291
364	264
252	341
311	370
254	278
279	321
250	318
362	327
311	335
253	308
355	302
363	308
325	334
253	303
305	267
373	327
330	340
332	258
339	278
281	270
325	344
335	251
252	368
294	352
300	369
283	359
294	347
271	313
254	356
269	287
281	299
328	319
266	306
359	336
351	301
293	353
374	299
271	283
276	327
349	374
262	257
274	312
325	282
261	331
323	296
254	262
291	329
356	262
287	338
337	268
347	265
321	370
289	252
329	369
292	298
295	357
257	278
284	356
290	295
284	372
308	296
296	358
343	280
295	270
349	272
371	261
299	322
266	353
372	373
290	272
312	290
286	367
331	272
274	279
374	284
345	340
289	316
273	261
278	284
289	371
276	284
262	326
304	285
310	254
350	322
322	343
323	364
314	363
260	357
297	285
273	287
302	365
372	273
262	312
283	281
323	255
331	317
276	289
329	256
292	350
301	347
338	327
258	306
306	276
321	322
339	338
265	328
327	294
312	339
363	275
324	270
276	306
318	292
310	347
365	302
367	311
350	281
275	324
257	339
270	361
346	282
326	289
316	282
264	338
290	267
301	368
343	346
265	284
335	350
354	263
355	270
327	307
282	326
275	285
315	353
338	343
303	252
275	282
338	280
283	371
351	254
312	342
251	264
262	291
316	251
345	360
286	276
322	252
302	363
269	286
354	305
333	328
293	374
359	322
359	265
297	267
374	324
302	331
317	290
255	272
344	299
310	286
307	333
366	351
334	294
344	334
318	267
261	262
317	297
252	368
343	334
302	264
316	260
296	362
346	324
298	291
258	310
289	310
254	276
369	288
346	297
270	329
297	261
314	280
331	341
257	332
296	357
361	360
369	296
293	270
258	315
359	343
278	347
289	280
335	330
335	325
332	349
306	310
318	366
295	351
332	319
330	369
274	255
254	365
272	358
267	272
324	324
312	317
299	371
268	356
342	343
330	308
330	296
282	353
277	368
313	319
346	261
277	307
302	307
272	359
278	326
341	316
309	371
343	250
329	295
276	281
270	299
363	331
339	316
344	252
291	305
268	355
328	297
343	250
322	365
308	308
276	333
350	346
276	318
255	350
345	322
254	301
345	355
299	301
272	294
357	357
324	305
363	315
338	322
341	325
295	350
341	336
324	339
322	339
286	272
315	308
293	306
361	370
328	296
299	288
313	358
328	322
344	318
267	374
252	316
304	343
337	279
332	274
331	371
362	251
261	282
369	266
258	281
336	263
357	261
293	284
309	310
373	371
265	263
324	326
254	315
305	359
262	324
274	374
279	281
313	373
257	307
374	314
276	261
261	342
317	257
359	357
314	347
333	362
293	330
276	281
352	302
293	272
279	275
278	293
344	297
332	339
257	347
330	266
314	329
364	354
360	325
263	353
287	311
298	373
305	307
279	276
317	365
352	324
347	285
310	368
299	352
363	292
256	353
374	351
275	251
340	263
345	363
270	364
334	344
287	317
253	322
322	283
257	266
352	258
307	274
336	290
331	314
272	331
370	291
272	297
286	251
344	357
298	360
370	359
338	326
335	348
360	361
301	258
363	297
265	256
304	363
373	319
253	253
263	364
356	366
325	337
265	314
251	269
280	277
286	350
259	341
363	286
337	318
250	338
308	285
259	287
356	336
323	266
253	363
319	365
288	275
302	355
274	274
333	272
290	343
254	331
337	307
322	334
263	326
351	329
295	253
320	357
332	261
337	269
304	290
312	295
259	367
281	327
274	302
333	363
324	255
341	253
321	250
252	320
368	372
358	337
270	371
291	293
343	267
331	344
345	365
254	295
370	333
272	284
288	306
331	371
334	279
297	280
363	372
368	348
348	314
293	318
287	300
303	305
279	356
295	343
373	369
342	287
373	305
365	313
344	361
255	348
354	265
307	327
308	264
303	354
335	309
302	275
282	332
374	332
256	362
368	322
322	331
276	367
345	358
297	331
330	296
305	371
267	312
276	373
277	287
254	315
278	266
293	370
373	296
283	295
351	324
331	308
338	355
360	334
270	297
284	275
366	305
283	370
372	344
274	319
269	347
294	251
349	336
356	306
322	260
351	254
354	265
253	353
341	353
265	272
274	345
276	317
351	352
327	363
342	340
254	360
306	335
326	365
259	309
335	252
274	252
255	347
318	370
290	367
370	314
314	274
271	366
353	358
278	345
303	350
344	342
313	276
349	346
330	358
352	284
312	291
282	271
374	259
251	333
266	361
328	343
307	323
257	372
288	314
335	351
351	360
315	252
347	373
251	301
261	261
362	252
368	276
356	323
286	353
348	345
292	338
264	373
370	340
273	303
260	295
283	333
340	281
273	280
373	336
367	356
356	305
320	339
251	349
303	367
302	321
250	252
284	350
311	267
338	250
261	345
355	325
251	303
353	348
275	295
373	354
315	336
344	324
366	317
325	351
338	291
281	254
336	358
261	330
273	336
299	337
335	280
339	336
297	373
326	282
291	341
301	287
276	331
310	305
350	288
306	283
359	297
344	360
298	271
307	330
255	262
285	255
331	359
346	327
265	340
350	339
351	305
368	354
315	320
353	357
332	258
267	282
373	310
257	341
365	265
308	293
312	296
252	316
260	341
339	295
286	308
370	268
358	361
359	362
369	326
259	328
365	254
312	259
334	302
329	299
319	318
349	359
265	372
338	313
297	308
362	329
321	329
298	294
294	329
358	334
259	352
338	327
313	343
276	323
255	264
358	305
282	283
263	319
291	370
277	374
299	263
316	355
348	337
277	259
348	311
373	296
362	354
298	283
319	308
326	351
358	344
347	362
294	363
337	355
297	289
345	346
354	255
264	293
344	359
357	299
310	357
252	343
310	361
259	283
311	351
353	351
252	257
255	288
288	350
307	316
324	321
338	335
361	294
280	366
290	251
320	298
256	290
373	369
350	257
319	313
283	334
265	346
266	355
277	372
349	281
373	265
361	339
330	276
268	289
311	314
330	356
291	370
264	311
364	315
359	345
258	286
360	300
311	295
314	353
285	311
261	368
253	313
309	286
337	292
342	269
339	271
343	296
256	257
278	261
363	338
263	313
282	347
272	269
310	293
297	339
296	307
328	340
262	365
356	345
264	323
338	266
309	292
294	320
358	373
266	287
301	373
365	360
301	334
355	321
293	305
276	310
349	319
348	312
306	257
260	271
256	292
336	344
345	285
363	287
350	261
270	292
344	361
326	352
356	277
333	336
292	304
309	369
283	346
256	314
274	316
277	369
332	306
348	297
251	358
359	316
331	328
252	290
367	253
307	258
329	290
262	261
293	312
319	324
304	365
287	347
340	314
264	263
302	254
339	364
284	314
289	344
263	363
330	291
332	296
263	369
316	259
372	287
341	356
359	322
330	300
298	348
294	336
295	319
332	322
276	363
341	303
333	332
268	334
313	347
325	355
270	300
270	301
324	304
301	321
300	263
363	277
373	312
286	298
317	343
303	277
333	347
300	262
352	261
329	345
253	372
374	255
257	264
312	262
364	265
280	340
282	367
271	280
333	319
340	252
339	318
315	295
252	299
263	252
297	274
280	371
282	373
295	295
273	268
313	359
268	331
322	339
335	279
355	341
282	339
284	343
273	296
353	309
365	351
339	331
281	362
319	272
364	340
323	277
279	326
264	370
308	293
269	363
275	327
316	257
295	326
331	300
306	315
358	274
263	288
322	337
304	322
305	347
312	282
273	330
353	333
300	341
261	283
269	305
256	304
254	348
284	335
320	331
309	356
328	327
257	334
290	318
258	372
338	286
353	308
354	255
296	350
255	333
312	259
324	299
356	296
329	357
373	301
358	301
266	323
329	363
361	343
342	253
343	300
370	280
334	350
273	283
273	287
373	319
370	275
361	259
317	279
319	270
323	349
250	316
252	313
282	262
313	269
260	295
256	271
345	290
351	308
359	361
356	374
303	368
294	283
339	337
318	250
344	286
348	253
328	337
294	282
287	271
372	299
309	304
294	285
369	343
266	332
352	345
352	284
368	354
266	336
264	273
278	272
364	314
349	311
318	327
288	254
346	299
274	259
338	281
363	293
294	367
269	280
344	348
289	292
252	331
323	329
353	287
313	286
335	261
297	372
358	303
302	299
374	360
347	304
266	334
259	347
324	293
341	318
250	374
300	331
331	301
305	268
362	373
358	343
276	342
274	267
301	293
296	302
365	303
276	270
368	298
369	279
283	333
373	310
318	350
296	343
296	275
318	318
318	250
308	358
359	305
300	275
296	330
371	259
333	322
278	300
332	270
268	286
287	270
319	355
285	323
294	272
294	358
367	263
277	344
324	276
288	302
307	370
279	343
299	354
297	370
309	251
345	290
349	298
322	291
373	368
320	308
274	349
369	370
260	367
373	299
292	268
329	302
276	369
365	338
334	317
281	358
298	267
346	307
364	373
355	349
315	305
374	291
318	278
289	367
303	266
263	276
315	326
372	276
280	368
279	357
302	316
358	255
294	368
303	305
365	255
350	303
374	299
307	271
281	328
294	328
269	275
362	275
358	278
279	296
308	332
308	337
356	255
349	349
263	334
266	328
308	334
316	341
258	333
302	321
365	336
369	364
276	336
351	369
304	323
257	283
364	340
294	266
373	346
291	291
295	366
341	292
305	259
260	314
336	306
303	320
359	358
298	336
319	265
350	342
286	351
264	291
358	361
279	352
270	351
331	286
340	270
306	328
288	343
295	342
349	272
366	327
269	361
254	257
338	262
367	357
305	293
326	325
268	312
303	358
346	341
257	324
350	312
266	278
332	358
286	334
282	318
289	372
373	313
286	348
311	344
274	284
251	258
250	304
343	277
367	346
280	368
326	316
333	342
337	347
374	256
269	286
264	363
271	272
290	311
349	250
261	297
328	306
329	317
258	320
326	371
292	319
284	296
360	256
302	330
361	293
348	277
280	359
251	351
354	354
342	356
356	267
287	293
332	309
274	324
260	289
344	270
366	276
293	284
259	297
268	308
277	264
349	353
341	368
365	363
273	340
317	298
264	268
251	279
338	297
339	269
300	271
325	272
270	293
305	300
287	350
254	340
279	299
322	284
352	298
261	373
333	253
267	297
321	368
257	281
253	348
314	284
269	313
315	257
288	266
254	291
273	348
349	279
365	352
294	324
260	350
282	290
323	365
330	328
335	262
271	361
352	343
335	307
285	323
340	310
292	304
293	266
332	281
282	297
315	360
374	300
266	274
261	288
330	292
342	334
356	349
286	351
320	356
340	278
348	357
286	373
265	283
352	275
253	273
291	331
302	326
295	257
310	355
366	279
339	255
350	288
265	253
255	253
328	323
310	361
278	307
317	303
351	305
356	302
286	307
260	302
301	323
356	265
334	301
339	305
362	359
285	291
263	258
321	284
263	365
294	333
309	368
324	335
314	312
350	310
339	363
275	370
270	270
272	253
335	297
276	327
349	293
281	313
272	265
311	336
367	275
333	368
342	296
276	330
276	357
279	318
333	327
323	344
371	367
308	251
312	331
306	300
253	301
294	357
366	292
277	338
277	278
298	357
348	308
361	301
360	283
296	265
328	322
283	370
332	313
314	289
256	306
307	277
258	314
357	266
357	369
305	275
355	328
254	263
311	279
272	347
371	304
358	269
321	302
319	284
359	302
294	324
291	308
276	299
279	358
256	322
285	349
366	363
291	305
358	374
318	330
282	365
251	372
349	300
313	317
303	360
318	304
258	329
343	279
352	308
374	254
354	363
322	366
317	256
365	251
288	343
311	336
349	298
317	323
358	263
283	304
271	347
321	374
354	282
346	345
250	349
312	334
327	318
325	330
308	284
367	255
324	261
370	330
250	288
282	302
368	349
328	280
286	287
353	365
276	315
354	305
352	298
297	327
299	273
295	329
349	348
296	251
344	253
274	317
374	356
308	349
344	306
324	323
330	359
298	309
339	269
304	271
321	250
342	270
265	307
374	310
282	345
340	341
343	365
348	371
293	368
336	264
363	358
372	332
353	258
372	313
326	279
313	342
259	311
314	325
295	369
367	288
282	372
267	278
362	350
336	262
369	282
327	253
263	284
275	313
358	358
340	373
369	265
260	309
257	297
367	253
263	314
297	345
265	343
340	355
321	365
310	361
259	298
282	352
332	277
298	334
255	274
263	339
363	332
270	265
365	339
296	295
362	333
367	275
331	257
267	323
265	318
357	332
340	293
289	265
276	331
332	370
262	336
275	290
286	322
353	250
333	268
290	335
278	300
329	269
358	371
310	344
253	257
299	352
274	283
365	354
340	294
337	317
324	345
266	308
296	276
328	296
261	284
342	339
262	271
255	251
255	284
293	344
295	279
315	359
365	296
309	280
341	315
325	281
324	352
353	294
365	302
279	258
287	283
316	334
366	266
346	371
371	300
276	284
303	349
356	340
321	275
355	311
351	328
363	276
312	354
367	306
317	344
285	301
293	329
296	287
333	329
266	281
311	321
374	319
341	281
325	268
294	256
346	277
293	324
366	325
283	265
265	309
269	367
315	291
280	299
342	266
264	372
260	319
281	273
367	259
265	366
299	320
329	339
316	311
311	264
292	349
343	293
311	325
361	312
276	344
267	295
271	256
323	301
305	339
341	313
338	293
277	289
281	258
338	303
352	373
303	286
367	327
294	354
289	372
258	342
338	279
350	344
354	262
344	297
287	338
312	316
336	259
264	321
358	333
371	264
370	296
355	314
348	371
370	255
255	303
313	362
298	359
286	256
287	314
346	250
341	351
346	269
333	308
286	298
258	350
270	353
286	250
335	325
309	329
257	302
310	307
266	327
342	300
369	256
321	251
325	356
341	260
267	323
325	358
347	374
327	265
253	306
351	356
265	263
336	293
263	294
285	307
339	322
348	329
327	280
297	292
336	363
302	255
326	250
347	325
324	316
273	311
260	339
263	330
352	253
260	268
277	313
334	278
367	311
335	255
253	297
340	257
349	358
307	326
361	303
264	261
305	319
329	279
344	294
315	286
299	324
283	364
257	288
305	332
340	277
324	336
325	289
329	327
260	321
346	293
358	361
350	277
325	359
311	334
332	328
319	323
272	309
274	279
370	345
266	342
346	285
357	293
292	264
281	326
317	350
307	358
303	358
264	361
264	327
338	360
281	373
316	259
275	257
335	304
292	306
315	349
292	310
291	360
256	298
256	293
319	282
252	320
304	359
316	369
279	313
338	336
322	260
311	283
304	269
282	367
293	353
298	368
290	358
252	365
354	356
304	327
347	351
346	315
253	303
260	283
260	306
323	369
303	368
297	252
280	353
275	353
341	342
301	360
319	363
373	334
344	279
311	347
284	373
318	347
266	269
367	256
322	292
329	259
330	310
306	278
274	314
362	334
254	275
307	347
292	366
308	270
350	286
256	250
353	342
330	338
279	278
284	314
326	264
264	343
335	269
364	344
374	302
294	325
368	306
253	322
282	351
279	315
265	274
366	358
326	302
252	347
298	373
293	339
310	259
280	372
309	374
356	322
340	263
259	331
369	272
372	307
281	361
281	336
308	265
315	263
252	254
340	308
313	360
356	329
320	301
305	295
314	347
298	275
296	301
259	285
283	263
313	321
358	274
317	286
359	259
317	334
350	345
322	306
357	322
317	320
280	257
356	321
268	313
261	294
315	314
280	283
365	339
296	374
356	353
288	342
333	373
260	255
300	333
270	263
359	301
255	338
260	340
262	266
277	265
331	361
300	296
358	342
278	291
294	251
369	335
292	334
331	256
360	342
324	339
369	270
264	250
373	252
283	278
286	304
355	310
346	369
257	284
312	315
293	294
250	317
370	295
327	320
317	291
363	268
293	250
352	332
325	270
290	291
281	250
280	250
316	319
291	303
361	346
372	336
281	352
323	363
373	297
274	325
338	322
257	317
365	286
331	272
286	259
368	337
339	373
254	373
312	362
350	318
295	344
345	301
355	268
290	350
256	321
292	355
266	292
287	296
280	340
297	281
356	335
316	252
340	325
341	369
284	298
364	359
254	357
314	253
290	274
359	316
360	350
365	327
321	286
357	355
316	353
262	260
339	290
330	357
270	266
299	359
311	269
321	305
341	258
361	294
362	315
255	308
367	361
252	264
259	353
353	333
267	345
318	314
288	331
257	324
299	279
292	301
252	352
373	271
264	324
329	284
328	366
343	351
343	348
350	289
332	364
364	267
334	351
349	273
326	351
301	344
279	345
330	299
283	368
264	318
293	374
358	321
320	280
284	321
301	254
336	265
282	270
311	302
298	268
271	252
360	350
374	326
259	354
360	328
345	348
290	316
267	318
336	371
275	286
338	346
309	300
336	342
371	273
359	258
343	352
310	362
340	267
360	259
289	268
271	359
250	276
283	342
369	358
369	314
257	281
337	370
363	360
258	287
309	271
359	356
290	373
302	329
289	346
285	345
261	315
298	266
317	367
260	355
313	349
298	260
328	269
300	364
305	353
272	346
343	341
319	347
365	303
285	270
371	280
263	295
268	337
335	265
285	251
349	283
313	311
355	283
308	331
340	330
267	301
333	262
255	251
287	300
363	287
363	373
359	259
357	282
252	305
281	260
265	311
370	261
331	355
366	300
330	252
347	327
268	286
347	321
261	250
259	296
356	262
358	359
266	300
338	296
313	350
288	346
340	304
324	275
355	256
350	367
295	315
327	280
349	320
253	308
316	266
373	273
296	371
363	352
250	368
356	282
285	340
295	339
331	267
290	343
338	315
275	371
355	354
278	322
358	367
256	367
331	267
254	285
285	264
328	280
307	260
260	314
360	348
344	343
332	317
351	347
289	374
355	262
310	363
337	294
270	273
347	272
292	266
274	291
363	329
305	303
368	288
335	287
353	294
290	342
287	373
299	273
271	362
362	308
284	367
345	270
288	349
346	346
284	366
333	340
343	307
348	279
298	357
312	283
262	349
313	330
345	274
251	357
307	372
359	267
299	335
307	373
348	367
358	291
302	335
302	305
287	326
312	256
307	328
285	329
347	264
317	341
366	305
297	262
316	272
334	327
270	370
270	360
284	327
260	302
334	335
373	254
274	340
324	372
265	290
287	318
250	338
371	265
342	257
293	287
330	342
360	340
266	307
344	372
269	270
337	331
360	308
312	372
320	344
268	287
301	356
274	337
262	306
302	318
344	264
330	359
369	326
294	327
315	341
266	341
291	354
333	265
255	268
370	268
331	253
311	269
297	374
255	269
260	251
323	292
372	303
336	299
344	252
253	271
356	312
365	295
287	353
281	374
338	252
350	334
331	303
336	315
308	286
344	312
280	300
313	341
371	341
358	254
367	298
251	314
352	272
306	329
302	302
360	302
344	299
330	368
