0.216754862863576 -2.83958305795995
-0.542492572263425 1.51146905596993
0.891144645072327 1.44235456512301
0.595980577187474 0.505369283646191
1.63561800111297 -0.757293249410894
0.689275441919723 0.249238084707463
-1.28124663010116 -0.316852595609554
-0.213144519278363 0.102921344748016
1.89653987190927 -0.211608601246304
1.77686321368272 0.270543080449676
0.566604498180317 -0.307000254944600
0.01571945400457 0.889868717770363
0.383057338517151 0.388043478406846
-0.0451371159133086 -2.27438816241481
0.0343519073969926 -0.549951687927403
0.169026774218306 0.330380018586130
1.16502683902767 -0.598144633673371
-0.0442039972520874 -1.26204425536808
-0.100368442585905 0.763298406393644
-0.283444568873591 0.840964638968194
1.54081498087098 0.158225026524905
0.165169019709921 1.04649811573088
1.30762236025457 -0.652852639091917
1.28825687792158 -0.96071995829165
0.592896940648028 -0.201148411049674
-0.282943684322266 0.693584846924798
1.25588402559985 -0.99802686058944
0.909839151228625 -0.99963681600591
-0.92802810507435 -0.363314863357429
1.24018083800314 1.05766650691436
0.153464179554629 1.07895817024186
1.05193257898961 1.23799690475389
-0.754211212817517 0.854112414208442
-1.48218911965123 -0.813538886373472
0.861131872497717 -0.367835067174616
-0.404519830756996 1.11768370661503
-0.227405417273616 0.113726577204603
0.934096170862491 -0.444541263612824
-0.46589587979095 -1.44571985931072
-0.637543498570217 -0.384444200261729
1.34370862619937 0.593128204483696
0.181535384597938 0.245051472356294
1.29251233641714 -1.74580030559606
-1.68804857586479 0.0624238486927052
-0.820993577630954 -1.08603270924436
-0.862146144099767 -0.107523638060269
0.0988436891379549 0.451194570070654
-0.375655144198359 1.09436959201443
0.723904155284259 0.905959138113725
-1.79738201857254 -0.997511059767882
-0.663743141576223 -0.715839235884119
-0.62372648872918 0.422600874555582
-0.0796324318381618 0.432933368508705
0.435624762829408 0.0845316446441107
1.97090096972424 0.552096109056611
-0.596758672509127 -0.53776547604277
-0.552507211608962 0.125746561039975
0.695966633701106 1.00388732222012
-0.155663964607985 1.07183724226200
1.34889819519773 -0.450352568374585
-1.06852307048677 0.958441594027962
1.06445074680413 0.904324717664157
-1.31272176453748 -1.23133076561110
2.06369470225190 -0.290456395242546
0.131383010662678 -1.65210892109742
-0.231688448914938 0.0374097696388635
-0.397355522973457 -2.0426803971209
0.889432082281374 0.111269493681538
0.526169039496728 0.311203665918297
-0.171273242962619 -0.638904425428473
0.158676897443255 0.932766321812103
-0.485665066172426 -0.272678148644716
-0.958906074999206 1.24183992656981
0.180517292107055 -1.06068596571857
0.721734282818918 1.88811636447854
-0.369540478120798 -1.16809185979778
0.237538312539657 0.419004444740453
-0.665922112414915 -1.65248165107728
-0.796807509842757 0.176905495718900
-0.0516969313113834 -0.143923463620105
1.28692833329751 2.36270675520916
-0.214149662738390 1.21696965522393
-0.574745464301402 0.403286229197905
-1.47072704429233 0.637627222265602
-1.0327384328225 -0.889089882370467
-1.30652485523967 -1.31520832903120
-0.838252407319143 0.178133574075227
-1.13065368102478 -1.42380720188649
0.368748175283016 -1.50368984992788
-0.201803020330878 -1.07539854536481
-1.27765990277316 0.141791025233308
-0.798012480668575 0.262194846999848
0.159082422945998 1.19391668923329
0.614797633143453 -1.68689311999327
0.687947962386413 0.240047370745239
-0.0470510110562396 -1.12452696636033
2.33032167829949 -0.850201336056757
-0.577565990980993 -0.338735582367426
0.968479134291847 -0.059711075721859
-0.277535627462324 -0.153881102206972
0.684801935982016 -1.18211600581477
-0.115113509541422 0.45625934043866
-0.356475179818482 -0.238287256536963
-0.105771607639055 0.812163734917832
0.04488279008542 -0.730654523289982
-1.72617323198819 -2.19428105764677
1.5557870203106 1.00153984361657
0.776412691732506 1.16737952151332
-1.09850750875349 0.769642209950137
-1.72801975364219 1.58798765649452
0.427638224556889 0.351349699136805
0.744564645243804 -0.534338043728483
0.865220797014492 -0.284878636561930
0.305328810056076 -0.0527241613971009
-0.114022791247444 0.06444340265721
0.423652240248318 -0.578666758420859
-0.797709686806864 -0.0125884176398879
-0.604197249369762 0.905667680168094
1.7150105937509 -0.510740062506127
-0.715948277798107 0.215682004757249
-0.133235612186242 -0.583789255332263
-0.99976506261358 -1.21700913362187
1.87376011706371 0.170221113210569
-0.337388432022085 0.131086241250267
0.973270288663674 -0.239540856693792
0.987827930863454 -0.566478939127947
-0.941256608526452 0.0390408419842472
0.34918559390481 -1.91112214026233
-0.594418681687869 -0.0250625249053534
-2.38224283134454 0.665074390923314
1.07801897371074 1.32289780428138
0.66824510502262 3.17418674511858
-0.964625666731115 -1.86854279544612
-1.9752373318646 -1.34813040232776
-0.584773900728053 2.30365435429312
0.969277036205944 0.255490201454481
0.55229232593856 0.86831855066558
-0.0821555007138881 0.355839686842486
-1.67671375844017 -1.14548292550249
1.21260742701799 0.295881492042326
1.00049987097878 -0.695967067010896
0.71932899078846 1.18502297739477
-0.844364152042341 1.52519889664303
0.621985390347415 0.420849372949354
-0.722613780351587 1.55916136416113
-0.449478625136658 1.62846716797368
-1.19550605006888 0.173111427810996
0.390472363016844 -0.339157997155926
-0.51637664263657 -1.27719283028053
0.909868977935882 0.0604200724929516
0.876984652958674 -1.13435200576579
-0.816195809871873 -0.0633607524971657
1.53929326989720 -0.732576198178651
1.37452571560923 1.07403842006881
-0.483248711165824 1.47886440531740
0.5503499503389 -2.53300931833164
-0.85736566300704 -0.819740226213377
-0.706961366172475 0.318865159624375
-2.09707753342934 -0.97010061437956
1.09943675475969 -0.386103633996705
0.342034089049564 -0.0362904685094894
0.490829480417162 0.787359118209785
-0.931999025969062 0.429193593177928
-1.42789198389777 0.656491217364511
0.975765094607528 -0.748497482968629
-1.54634118777066 0.0118729163819790
0.0177034792190516 -0.606785327255719
-0.774717401221942 1.40598619740138
-0.229342287242887 -0.630098603481176
-0.274382104390094 -0.874680095491867
1.796063781527 -1.19308062210811
-0.478112899366656 0.367671365277341
-0.594762853007201 -0.700039695972985
-2.25793821702836 -0.425443009439488
1.68260721179796 1.01372376686225
0.0722906844212528 0.420528100896516
-0.440024093173576 1.32532220312781
0.626573392588267 1.04436245631104
-0.799796059437412 -0.652912028857325
-1.12798602223184 -1.6597763192438
-1.02501605344749 -1.50997184570513
0.0710717294977026 0.312882493743343
0.381711161646161 -1.89767746808896
-1.62258831749571 -0.605208262209554
1.90054266988982 -0.351031045120238
-0.716179166366505 -1.01035168642614
0.380459668905729 -0.448424488037015
0.440842847401462 0.868034545277138
0.257325858345039 0.0791141097007437
-0.179448537142052 -0.666568876127822
-0.690127679259977 -0.107402430443520
-0.000422802466490043 0.475194522246027
0.565580896444599 -0.836856666384048
-1.20874700978382 0.428116983642447
-0.346171156014069 -0.645920491994491
-0.650197044427102 0.576647484342507
-0.889591670785097 -0.0907893966971832
1.47702988730617 -0.172831574486718
-1.19547513851511 -0.459306188719606
1.75049483483152 -0.581644634748717
1.21473014377524 -1.64468033407132
-1.54780026814106 -0.819975915778373
-0.302246032483139 -1.67823963858272
1.03920771630905 0.42416496481405
-0.767841725586585 -0.348786577717891
1.52467258054377 -0.0523318057082493
-2.42208730728055 -0.274664330733053
0.556328317528897 0.515304663092673
1.10553390712113 -1.30552003121652
0.166436815898360 1.69910020663419
-0.22546229725333 -0.502517338616128
-0.228412330818569 -0.304903273120437
-0.253189226844048 -0.654777152306266
2.06827333195825 0.273513604808453
1.58318985848094 -1.72411675680720
-1.04259074535253 -0.489596520572751
-0.00838740037735593 -0.136096465919515
-1.33408789304009 -0.406903000037332
0.146536029217630 1.55237750179980
-0.787823423906468 0.86539133562666
-0.288997598526688 0.348606586835029
0.666839300105147 -1.25844894042728
-0.136631220032256 0.475831471541226
0.224089307715689 0.872925629308421
1.11720666712299 -0.543575820357556
-1.43849439757352 0.194439311299361
0.634365724811908 0.398887287346157
-0.499194803614926 0.130514839415861
1.12627243749009 -0.594596855620731
-0.100184687041854 0.701739870228813
-1.10984201607485 -0.153935886773019
0.657924261945017 0.585991393162414
-0.043296014259524 1.16778806383968
0.628389225007118 -2.30251974787097
-0.936829212533564 0.820187414078785
-0.357383405153397 0.722124188626549
-0.0450729179317731 0.097649069909297
-0.348053860358372 1.63767856804231
-0.358973905333419 -0.53941249500325
0.395615245321771 -0.452690934994237
-0.983944159000843 -1.24223327272307
-0.0227005621346012 0.0442485862705533
-0.884550205102836 0.00695541728918629
0.485040438839447 -0.993587768005657
-0.831530623175977 0.715224860429083
1.17315082087649 0.600278914061401
0.0610154634939538 -0.0549033398800665
0.156753621334104 0.697750313304088
0.468905755602563 0.81449745558266
0.545160795404544 -2.32057283924974
0.395602163058529 -0.886784733345553
-0.921363345342868 0.637088235070413
-0.676572610947997 1.49909001048141
-1.94389530574079 -1.50117860832229
0.119983156644504 2.69071637057071
1.26607726978049 -0.0235686881136232
-1.09798680053934 -0.240406373618241
0.437906458245828 -0.893960040858941
0.616393043709869 0.457388238418816
0.0178696422819598 -0.399411568810125
-1.23918903148505 1.16761361055467
-0.504220930456074 -0.873391810544018
1.31678167762717 0.564013816561094
0.79443019106884 0.94021435686551
0.485034175324486 -0.967625132296272
2.37103181292648 0.508599731731938
-0.281705048510597 -1.25042456768426
0.198995477180008 0.149956984495076
0.810235220861095 0.305255402451389
-0.122258585507199 -0.297254559519324
1.00771944243749 -0.865314996104032
0.517582142418477 -0.92754162319005
-0.229971391881526 2.21360789868142
-0.167633778529697 0.344169242876605
-2.47604163631387 0.270071442113334
-0.601154226460017 -1.09592020511737
0.0315086105467576 -0.859868289212358
1.22612458828641 -0.871850543936056
-0.699214809152954 -0.89984399566452
-1.50414878944003 1.32739583591199
-0.225181005843000 0.526671324981949
-0.00893668804207319 0.48305913031324
-1.47836165413056 0.161310770374009
-1.84774892553789 -0.248685475379074
-0.846030810804128 -0.79419875597225
1.25574773532071 1.82774788390367
-1.35050195777406 0.818277962442584
0.323815132043913 0.725419664900463
0.118795022590519 -0.187969361629488
0.649616182433725 0.680005492019004
0.681617709587652 0.515120220500925
2.5175156468989 -0.0739616916382656
0.302524993855815 1.11874744384899
-0.663810650832127 0.673518960470668
0.0629558586960515 -1.24235554816921
-1.18766282431571 -0.550966256319411
-0.420503394916783 0.752764704905512
-0.747620448526455 -1.81335325399644
-0.126327254565874 -0.284697075850154
-1.01866709632299 -0.360438135999379
1.64679579503747 0.143449434641329
3.22725770491355 1.83316749319236
4.54102412763311 1.30131259903134
3.56719951765167 1.03953677224358
2.45310501778488 -0.429241020853853
2.99814411345934 1.62213803152019
5.40487105720398 0.519623763561134
4.89881828340171 0.677046973649853
2.78406727718017 -0.660365652052993
3.84802396308521 1.49586027710966
4.57146249775953 0.60240684780889
4.51775033950964 2.28673774404700
4.36405300766011 2.06906423724836
3.55893917566454 1.76860027227559
1.73494002426295 1.13830414406835
5.12507208519962 0.90996632380785
4.54394643187756 1.49230727652576
3.51721290965557 1.95421947730606
3.40905436065125 3.3332495359289
3.39121783328889 1.03100852712480
3.30133263157981 1.36779814348228
4.68189500771446 -0.137814070919964
4.37823058524859 0.931082837728887
3.82884006966665 -0.35505447202784
4.86324817875717 0.909369729088188
3.54216491673819 0.937535482493447
3.11305283027508 0.738489293507031
1.55859809519483 -0.124028106762896
3.83027516152792 0.62942309339258
4.23783889889529 -0.542172391972979
3.29709183926969 1.68840004764841
4.2541506188769 -0.393746457934407
4.17984890723609 1.96834448323170
2.64373692569355 1.29426116636653
4.83884901768413 0.747321485008044
4.9624827682355 2.11370681060162
3.43093406526649 -0.855018681630962
4.14360709574893 2.56986773197559
3.97075566183508 1.01745283748584
4.57721005125573 -0.479219254918968
2.63853687877951 2.19367943211421
3.99475560537956 0.368351612752878
4.05969272131117 2.06363246149522
3.2978992442355 -0.531950572928752
3.84343253616162 1.25951382044980
1.4670293626323 -0.0728751668807226
2.99414453657711 -0.312918652951314
4.62460400369629 0.410928525047144
2.20493403226656 0.0570620939382059
5.29613066040223 -0.757050910532863
4.09885945779154 1.11406936542127
3.85603444110111 0.798640757331436
3.72132389914411 1.81194753175762
3.16028619396567 1.87539856450159
3.46420351750747 2.02202319947706
3.85982537966653 1.64221292802122
5.16242992844398 0.416604497253571
3.30701678375269 -0.417952171906531
2.65803672995931 1.82202200268436
4.30242009186856 -0.776891272776408
4.06806847274137 1.10302380872976
5.89776495887316 1.32527191394457
4.19906480519988 0.562492387027635
5.39048998367881 1.57070063025999
3.69272774924531 2.27633156641789
4.54047093006347 -0.87409706273097
3.72135817765505 2.39093003758657
4.14121509569602 0.70011290734507
1.82867976677263 0.57033388730543
3.67736435215120 -1.39705236059324
4.71287826124856 2.08048689758231
4.17761598621190 0.145956903959140
3.35938908352955 1.17343574945367
5.34607580367335 0.582708901775241
5.3070421277542 0.906658783315701
4.18524976386204 0.755626565595365
4.23583243936802 0.834015374855782
2.33181303007931 0.100919926965360
3.12677562731082 1.33446623351665
2.65063451418129 -1.44813401499633
3.50161709910466 0.0703157313616405
4.07088188428104 1.71040866183913
4.21939695402452 1.8184784703992
2.89900788194436 2.8147052617524
4.5470112862937 1.59288039914879
5.17139063431264 0.498575755592588
4.58270988699268 1.29749117759036
1.20134845074292 0.752071888220005
2.35446660541855 1.44433261407509
3.90473742694654 0.758954363674667
4.00397686396744 1.28853538281224
3.1711750158834 1.34343258224338
2.72974589465099 1.40054789674485
2.88117466548749 1.08505164668949
3.65339365974777 0.29918142824868
4.48316892799414 1.38854968256845
2.84575287964436 2.31239739250156
3.56588248927177 0.922044611309408
3.16890492671346 1.59065033282827
4.21383208395003 1.95768593062891
4.36115504389025 1.17661404539921
3.30741946172711 2.68904573966963
4.72875919235856 -0.347342037699957
2.96084438331204 2.07562241298960
4.43876587307228 0.543791022084854
3.59149384711376 0.318555405895172
3.61424471763324 0.937324543954726
3.81186849755547 2.65629478855356
2.08628045096076 0.808800498756951
3.49009644662611 0.771054894125451
3.15268248961555 1.13260504347762
3.18836471986524 1.38936345450205
4.08736227521443 0.848799531251951
4.11930865642723 1.47980465821070
5.22396090469039 0.447731168188268
3.67277011943643 0.453562104005363
4.55172524645205 1.80738498593316
3.15500718528212 1.01229771097307
2.29706133192602 1.86042822753495
3.35838144274439 -0.73373808359704
5.1487161748367 0.281526703190843
4.92484845803875 0.533628436284804
4.48163311473086 -1.11179235320760
3.9378766515992 2.15647974762229
3.59362321881896 1.18139372117980
1.84316528215066 0.703779134540539
4.11125123331289 -0.0128004192395197
5.53817426876745 0.180965122788874
3.91504313197815 0.356248337789785
6.24921248879251 1.46812646574829
3.20021394221028 0.416643322027154
3.73032432077012 0.164668393783175
4.54297916262842 2.28937319676497
3.25971710836351 -0.214976308950302
3.95454935493274 0.979762814534769
3.10566126215502 1.99599401419412
2.50555397057553 -1.54168690621317
2.95112672733037 1.08418709125753
5.31288593628705 -0.119254069885215
4.81319226172932 2.46314269051697
4.75673459963239 0.418988937288181
4.24827878996456 2.03415895185841
2.79945984063023 1.34334016925863
4.36743157735927 1.91964063347108
5.96833000279905 0.977298429749401
3.03674429087045 0.759249404369746
6.18780596207415 3.54217177553292
3.2378730512674 1.10829837795753
4.56303259680056 2.55828089634867
4.28751962324399 1.48492418541985
3.2409103583063 1.38003855115192
4.22841517086212 1.75542584304796
4.8411428275659 -1.23251617253825
4.77471727474579 1.90167705373877
2.93639815747579 -0.218118377507839
3.29519176356592 1.83374848886247
4.51972121145116 1.41822194669998
4.08552249687721 1.83252694960666
3.2155915149132 0.213662582453692
4.30897121662151 1.49830664598343
2.79561265445293 1.33499516691075
3.34510113319925 3.33439635876730
3.46610472935187 -0.280976234427804
4.04464004650336 1.79568664847165
2.59462250884032 1.45890868058379
2.34062565251797 0.64530312441534
4.17414598707114 2.05893653685523
3.96619082048797 2.06413797092983
5.19699994187868 0.342589398990386
2.77956104271584 0.98649109959498
4.08898088755447 2.27986486037880
5.75872411048475 0.210279129519057
3.81620137202581 -0.0267641271402246
1.37665558358029 0.70017819239104
2.31063548359142 2.65584798903662
3.26555228476916 -0.458025420612738
3.71595959915266 0.310411832217193
3.96875796579975 1.69965233431633
3.60106674471771 0.512086647867579
5.04779392896803 1.20523612764789
4.23276343279150 1.52657349748239
3.72351325167126 1.34160855882995
3.66050425957761 0.581081820892517
3.55877688281485 1.25987936988419
3.00530162078816 1.76092456075289
4.75332712443176 1.00238965337774
2.74822824844906 1.28611635915552
3.00731720717249 0.70784991747679
6.19673005507415 2.31284419772155
2.70377925010200 1.95737806583031
4.13196154780292 2.11645553538986
2.41181665431801 0.580162952338242
5.01429620278557 3.19375562506752
2.79376074019932 0.975352314102823
3.23429655314952 -2.02424769831409
3.86528617435224 -0.233570368600002
2.81663293150386 1.97824764822165
2.30066898681918 0.68728443535104
3.37629010632727 3.85348530096488
2.77907342817509 0.750287375981175
3.17539806271213 -0.131994110529812
4.79398456736402 0.39689296892563
2.28305713323243 0.894898274365975
3.78417718362226 -0.87715815633507
2.60033842978653 1.56649397192915
4.02345570865352 -2.27429475279215
4.3318609012553 0.255557956554632
3.56461781123829 0.43069875137098
3.7217355698535 1.16623349729607
3.63571095983153 1.31787478612562
4.79433721166727 1.23831371340334
4.03612993430884 0.0508790662364972
3.26934233910702 1.02956728466530
4.10730600422865 1.60918610618014
3.9188424307921 0.0210787613407613
5.45304539873687 0.88949209440344
2.70407114890124 0.851185797582596
2.53936670967144 0.532607236963225
3.33361374371442 2.13574112337054
1.43270603532192 1.26395959575815
3.58383935256375 -0.233537856771396
3.23157282338164 1.73719914258952
4.80316959281394 1.44914372692034
5.89009774433625 2.00786617198497
2.73290225031759 0.565676280321346
3.35615876165301 1.94535132360049
3.17595869868762 0.0616352543879711
4.60896376272080 0.553952713988748
4.42848162148653 2.84781029774359
3.58868534594324 1.60554211096287
4.60131003973939 1.83811847056648
2.20260777998027 -0.467098489053338
4.85832848242668 0.758157232705826
3.58249775830458 2.4611487637644
4.21184480347561 -0.565159378982938
5.4367907972938 1.39676813788100
3.75364612005015 1.32259214597297
3.91839814471066 1.79414129699542
5.47214368259828 0.652536794335927
3.60894016920631 1.16109322518494
3.66244107763609 2.01570322041536
3.58917640715337 -0.685778569457094
4.04164384734957 1.49517310826749
3.37236756362976 1.25423560770110
3.88785420659497 1.26772749816061
5.32285770163947 1.96220362199441
3.03963108460740 0.777392621456918
3.87253343715282 0.104051069185170
1.96754211250282 1.84883504111749
2.53296669604272 0.44864144675848
4.0664096173817 -0.878313971928327
4.11944721031405 2.50514730883803
3.27759758904673 -0.589349953703574
4.68014498920202 0.582052280807228
3.24897803606368 3.37585537805110
3.44315501910679 1.88911825146114
5.02860162426397 1.76342884055201
3.23978037422350 1.32135897162100
2.27504197812505 2.13793479807976
4.05143924339365 -0.129241334817299
5.03561495240054 0.69281023420609
5.50327024660864 0.593641357407854
2.72450331837677 0.687362768910453
4.35495469838677 2.01673276309549
2.68634099669709 1.43473086344348
3.36190540656509 -0.359496138363221
4.58773915082828 0.434468563318103
3.17574267905850 0.931723887333002
3.15696577850225 0.764630216832938
4.44502950840923 0.0748466822515569
3.97576459007269 3.13299313010025
4.11503016653121 -0.200202741240836
3.42853574085531 1.08890357158103
2.2045458370293 1.91456294342049
2.55975238900575 0.623371567907451
4.03964505332549 0.622457906141613
6.3253021714149 0.876535766302264
4.02250006745039 1.44289883491639
1.72064241720553 0.6085398079425
5.46322200943885 0.194198759413976
1.91753260653110 1.39080660571529
3.69803514383662 -0.908617922204148
3.79660047397956 1.69051994455543
3.37032644900304 0.574791237982083
3.9086962288137 -0.735986221628911
4.92186391904022 1.31910787360004
2.45712595436495 0.441568386783635
3.91376168371025 0.593064590131725
3.43935177845677 1.09935972738317
2.74439585135287 0.0380633490507997
5.15431280086188 1.11242135211745
4.90913625508336 1.36028582482478
2.67551572550521 0.296100832978888
4.35585522119743 0.52222331409317
3.66691569331965 0.333647869396029
2.61008443341652 1.29596079327793
2.55197376228892 2.57266524495585
4.72467768222357 1.04752172600033
1.74820704472025 1.48811126509488
4.03939817974229 0.760281921692306
7.5334912383868 1.25929753046429
6.04150326396871 1.81304827390294
9.55823333156086 1.86574855731715
7.39858660352391 1.05785929551169
8.5600887327358 1.65052787828398
6.99676086708855 3.55685942863547
7.15796555516336 1.82469266912577
6.91748047332257 2.60837516486469
7.38577613821974 1.74126556138905
8.00502632661698 1.9906629609063
5.57608720037985 1.56583652951833
7.0712348407215 2.85591335640619
8.51373701761622 0.590507901787445
8.58211825361957 0.344881330792419
7.8367026484912 1.11230141230414
7.30077048919138 3.04330846807115
7.35443792833314 1.97108279830369
6.09629661069481 1.79610694332348
9.1768068312429 3.20127735277745
7.24735058481902 3.39427629103251
6.76659063717896 2.96205189149733
9.31128830480675 2.40515469419177
7.38806395997293 1.38907100777254
8.76220134795128 1.1035659440978
8.36915678788668 3.11514239560813
6.7609725466096 2.83981233329046
8.85575373391268 0.0815971739837662
7.96823180741366 1.07124488572037
7.36432646031308 2.91690166197908
7.7242466450578 3.98956961792527
7.9992445956634 1.98526097434991
7.10639041130589 2.97010167943241
7.64922728815054 2.17035296784612
6.68231326220926 3.85240974569807
6.25797222540722 2.51590453591623
6.28135391864762 1.85893883885009
6.25022019050725 2.404605409866
6.30694393891497 2.22507007933181
7.93303631496653 2.70306390769414
7.45262610267131 3.30169154870927
8.94109737111957 2.61238794851265
7.0698242186907 1.85049211046923
7.26529076999996 1.19662243758544
7.69952669788328 0.714262054756905
7.17316951167979 2.54546286786965
7.83332147269214 1.48434560929263
6.67354268589737 1.49457720543540
8.86548731413607 2.75221246056974
7.55253846493845 2.76898945359975
7.46196333409077 0.875474170868776
9.34150479424639 0.873830603198958
5.94514949866764 2.00353925990714
7.82749600244916 1.66438709121843
5.1186385631301 2.32609498747133
6.82375366459801 1.55388515737111
7.98054117764782 2.26589088664635
6.88038658927577 2.84877528326400
5.88055052560327 1.06259576698088
5.99245291809295 1.85512265858922
8.59985866378115 0.581842247791539
5.39987022934634 2.92402318753999
7.87014322210411 1.03101842450594
7.42497364019288 1.83726655482298
8.96906968646073 2.79856394827094
6.84881540396121 1.54205567338389
7.15876729954091 1.37356442939265
7.24838245658807 3.57706717347642
5.6532293344219 0.837207897126422
6.04794615430464 0.356762120321949
9.92336824190942 1.58562998700399
8.60923728707192 2.92789787020655
7.75924005884256 1.47783644998044
6.766352572348 2.71217082011360
7.62959154531225 0.521950746670329
7.04204045708511 2.73575937434454
8.69464481725511 2.20440892632222
6.18215156859161 1.31412048371912
7.30033629079193 1.62396981337321
7.0118765281923 1.77400724983667
7.07639945445695 4.37541040782296
7.74380581926757 2.24512498299608
6.94881691226533 2.54990831913965
7.04350681941904 3.8594680190007
6.3828854747165 3.01446303700984
7.19204889326675 2.23234458415990
7.75515142843654 1.28273982118114
7.4349580349822 0.91553102674614
6.80820476868158 1.18537763134797
5.99463497072894 0.301231997736415
6.50814958324046 2.08662612032791
8.641937093027 2.39508519447283
6.66056992683349 0.503908251070338
9.9085975022265 2.37441463779251
9.22646480954836 3.48516958161488
6.66926978363935 0.380593136857898
6.80335065074364 3.11724734194048
8.34109855155342 -0.282256913321804
6.97330687289577 0.348674046960565
6.99780254624998 2.25096783363001
9.12431419248884 1.41322739055050
8.86747109611428 2.14768387256701
8.47310165007972 2.27671961889933
6.72535793355788 0.991924302737876
7.94876022560484 1.60645733213439
8.37430790137233 1.88363521983751
9.21244225473893 2.76364294080138
7.95859629160154 1.88836886219453
6.95488647078726 1.78714528557938
8.19687473949237 1.6548428311743
7.57147473885495 2.03910073632658
6.10591926424911 3.26198976315865
7.68288523256504 3.17182569517897
6.92103108101533 2.62645441011295
6.08323251676917 2.41811783755947
6.53467102386488 2.48735253660377
7.46607261696928 1.45787325624494
7.58812401409192 1.58908462531257
7.25655224800433 2.09158894834083
6.53429999723803 1.71054029533825
8.31504706740886 3.57695296799615
7.60834266492693 3.00417376525626
7.5364060680942 3.06724776770643
8.24368173442259 3.11554601572163
7.42832036840349 3.20633250892056
8.39354676125961 3.86815016014887
9.1783772875149 2.63205885108016
7.33448214970512 0.321245223628786
6.29229905363866 3.59603624897591
6.64682688761035 3.57809142966171
8.92856815755382 2.55644823084739
7.1585942930815 3.33166369065670
6.73442863313191 3.15470919080926
7.92797319597516 -1.17342474352489
5.21994786624485 0.941149633231572
8.82864749665739 3.65722328365053
6.5173930120951 3.53304761474978
7.38890920228235 1.75045900372986
7.19487376683111 1.18002076357054
6.1228487235474 0.408607522478836
6.09951133302775 1.61766971086082
7.9043289876915 1.73773542870874
8.57972596172349 1.55934387387583
7.97567555319148 1.63531660684431
8.46261805576562 1.91622163836354
8.18836851998257 3.14551871985513
7.526195247399 1.87132676306966
6.45678078910939 1.95524717103338
7.70673309438216 2.03039557268538
9.26610817796047 2.40679239812600
8.85249553094377 1.16204947933187
8.55713894895704 1.89541388928421
7.19134375217036 1.14102376883667
7.35593229883286 4.01891890877038
7.48912481563944 2.1404493969206
7.56489214602106 0.244539572479276
9.06098381810232 1.41735190957168
6.8008407896721 2.15589026482929
7.82871750105813 2.69973530547914
7.43091096698696 3.42943981561269
7.9244178011846 1.03243565625594
8.77154910630934 3.09503387541315
7.55554963351516 0.351143324702781
6.77421946349711 2.60685681101059
9.00565161860329 1.58538389287553
8.02045105346007 1.71064083520199
8.05562063691563 3.01399437830064
6.90474751831426 3.09807964241141
5.64054255141874 2.02834820693684
7.89701089381414 2.07635653924487
6.82019078539514 3.60121538140708
7.43737913744752 1.17077349932309
6.66352656136275 3.45719849168068
8.25581863580784 1.64920566276572
7.86458591073293 1.9163321098614
5.15319157030964 2.39067430250096
8.00272952992411 2.69170308660954
6.59862834809953 2.29443592655063
7.59036641825561 4.46046793654221
8.24567828314544 2.94709753923906
8.27520014044305 3.31029758832997
7.4264691390284 1.76895408697242
7.15563468758073 1.97291365609461
6.82089366692424 1.06873375213041
8.18363953122925 1.64656310977443
7.64722505181053 2.07816647311264
8.50411029934656 2.81209281712853
8.04673834734014 2.79299405459946
8.22290125318347 1.92703763571584
6.18283079251542 2.99241324288266
7.40007007520897 2.16612925648808
6.62722435104904 1.33333487977708
5.46921964623203 4.36931519996649
9.30345083240408 2.66667034472806
7.76263750281743 3.68276435917619
9.6372879100792 1.80313980417378
6.73566987570554 3.20024916196892
5.91374499325445 1.14712498537981
7.6405006581839 1.54551108072608
7.32376244720571 1.61460292418700
7.9862675762706 2.61162016380291
6.54418683995562 1.58487693746287
6.87993863554487 2.78018216887249
7.36717005180167 2.60158447038059
9.00376017489543 1.53145355473769
6.1475056266761 3.31358307474124
6.75138160666829 2.35897783090945
7.6067042718612 1.98378869884748
8.29713995655486 2.83252505538646
9.44696587400176 2.77335436908935
7.9590090463024 0.266520572466016
7.34106763837929 1.63172074071335
4.66119552927939 2.36441285389037
9.29036121303292 1.16164651043033
5.59419311608455 3.61652349985529
6.77385472568851 2.10747465475512
7.21868799292302 0.464361199413724
7.71363048540813 1.45706838567973
6.23164979870675 2.63762254173632
6.16188058334603 1.57942353074546
5.98349083259424 1.18757443884277
8.2914612660726 2.05892302267284
6.82583709042181 2.55081471571809
5.75898268802677 1.99792358413234
9.84625479069032 2.25953093725143
6.09457926693988 1.88551802428271
8.3489750107514 1.91953781153870
9.14997304273822 2.58306215885217
7.27870028536388 2.03493246831138
5.6943195795365 1.25303748770260
6.90703775637524 2.46675870900847
7.68955435827538 3.10201251181219
6.88561700831659 0.408697369667657
7.1520093343133 2.45201052602565
7.84763410965333 1.27881048879239
7.03276999522001 0.531740898625412
6.46457417386562 0.190972930805707
9.36424718138775 1.74303306701647
7.06513429601362 0.458335426998243
7.63645024516228 1.99443287349761
6.77231769651988 1.72585630655137
7.37463437024666 3.27455539354083
8.70397524270632 4.61302006970116
9.7380965650699 2.61476900751472
7.67943493449492 3.60451153601846
8.28801819473234 2.95665683326345
6.640036623961 1.95685518058267
5.90584569028337 3.65219527348625
6.83209793695875 2.0293142607522
7.11345279337824 2.84472736258991
6.54040614025192 2.22188558422264
7.71089748125779 1.47773760882496
7.22291062335372 0.575073040852488
6.0071404608005 3.09294275579907
7.08726964748121 2.87739556594719
6.26851780100502 2.13136657999687
8.09450114590194 2.60273254875517
8.6281189462414 0.397633602867873
8.13503014681993 3.11952207922968
9.4462303579311 2.88856582574083
6.33486426410062 2.66368746184047
8.71236458800116 1.64494954013373
7.15754394887365 0.185629391310463
8.24392584471162 1.55415477463833
6.56027597264018 1.61040639457610
8.44348768867907 1.87913083066410
7.78337182262124 1.98797895559054
8.70573080728338 2.08035204567172
6.8173073448219 0.89815294427422
7.23329245339329 0.910007655103426
7.5621485006445 1.43364264572031
7.51585477077855 2.59929916309951
6.49515663222286 2.32851601522107
8.48201835257676 2.66490794101400
7.11839144720482 1.93708876830055
8.0341908924498 1.46145082961533
7.2204906319009 2.92870837188496
8.41292075063735 3.33184121305858
8.04560830413096 1.79224534603804
7.41433158407146 0.806390418741304
7.9840685674108 3.08759211905159
8.82424233323894 1.17869367960513
7.87114352967742 1.10714909517917
6.31108411721614 1.67935047866472
8.3138743899543 1.80123431084893
7.77172285603173 1.6828212449646
7.87098822940677 1.00896515899413
9.04643494032554 0.217196994805288
6.23487110245157 1.98381468871312
6.424059336355 2.97681017018192
7.80169784200708 1.94590028934078
6.99437867457607 3.10310921059488
7.09904715170861 0.0413326096298916
7.37950808146644 3.65164837330166
7.61174970389872 0.383117808511337
8.15370348883047 0.229635487391256
7.38760993003768 1.30058047554587
7.46360391844201 4.63273096390733
8.5917863505986 1.03106240567515
6.93598956160502 1.87393545375688
6.75942402657438 3.54908476407048
1.49171433760295 6.34432610274188
3.65373349837947 4.87915111609335
3.63821372536934 4.6598144380574
1.99434709723507 3.96151837395463
1.33662320984145 4.24878172683689
0.940797960564044 6.04861665341277
1.72080334437236 5.97683786005448
2.16704968435007 4.72824365448514
0.379277631765281 3.74936996080769
2.4117833954749 3.78079436228003
0.178917415626408 4.02823023332013
2.17735768064170 5.36375054782298
0.754862409668799 4.62897422735023
1.26982677907071 5.88142134132218
1.70529636306620 4.06381571229004
0.377378958318056 5.67138819976212
2.53536813433159 3.58415438154734
1.89682030309893 7.7564031226807
0.73042094999223 3.79789316215597
2.50452285343663 6.65831094571071
1.43293244777417 5.28496994358274
1.92908714353192 5.26790553473883
3.02100420181761 5.7682395812057
1.95951263850537 4.8253282486238
3.15213119070343 4.3309066834259
1.03842620507188 4.98958561649653
2.03354478143239 3.94719256432744
-0.321316647479492 5.30414682384246
2.49135899434881 4.76104668619944
1.41130508464129 6.32410074527652
1.54825288975256 4.61263851848534
-0.443057990543434 3.67453352633306
4.40563161593677 4.91295938358425
2.27135915321622 4.36654214445910
2.64128219280512 4.9441760604464
0.906624220245715 5.80661348295091
3.12284639662077 3.88133955901750
2.37442634983901 6.98380410574928
1.50973015439311 5.88647089851351
2.09909286104771 4.56949566918592
2.71352968167795 4.01122758958357
3.67945834585714 5.41182584721374
1.10564890971943 2.85591481511978
2.16681379853763 6.11916974833832
0.359407343890569 3.63753502733574
0.508982632206184 4.64081673714888
0.719475884176753 4.5944867843799
3.08778534897023 6.67522759670619
2.88279075477726 3.24176311448153
1.72000368218788 5.32767377328838
3.26539568210792 3.98912579367218
0.966500015524233 2.52416615333598
1.35010382059541 3.54798396505524
3.01922677837426 4.06020130659761
2.89229750177931 2.71969801644534
0.98513812568444 5.45918708223074
1.96628497159278 2.99845993118111
3.47253956454970 4.52763051838973
0.430487645788439 3.55791018999476
2.41618211741406 4.71366624064958
0.799466294316703 5.53650098192391
2.18535500694907 5.99097726566711
2.18165804477866 4.49743720268313
1.64002644374568 4.90767726953777
2.76011126092201 6.51297081521536
1.97053902124232 4.59653828504097
3.47039139300126 4.67001441413453
2.37244605979035 6.92465574365441
1.72192455735937 4.90078591418153
2.46159587023675 6.64941477809212
3.6151795978352 6.44536507788006
1.20539212654567 5.68673709553106
2.58351484221655 6.05311258372336
3.05144224122904 4.82077205497491
2.13433414194495 4.41195964445369
2.10883029336299 5.53348843593629
0.558037079767683 3.55201096208297
4.34811604646047 5.73586833725489
2.01714692943029 6.01023414009274
1.04942375546158 5.71278383587425
2.05818331259947 6.19607087113664
1.27239476922070 2.89344363991565
3.41569059653424 3.54264548774777
0.724304927764468 5.43479901137616
1.51208925721225 5.66915077993077
1.52545661366801 3.06793032026924
2.23643242017737 3.20743173719690
2.52561628449470 4.12066260838694
2.96904229555431 3.52609717796370
0.693952356040957 5.81510483586086
1.29807677589055 2.46111773726895
4.83654403118667 5.07658939503096
3.31657496753783 5.61635580719572
2.01547373400089 5.12752924442202
2.00633678869897 5.54823000128056
1.6480461251535 5.76050447847042
1.66672255892443 5.71532664930172
2.57741997806883 5.59865069008306
3.22335545860052 2.35818177599452
1.49516244783990 4.72272069263616
3.19466135842577 4.44965609927942
-0.0820327009434085 4.23291055434458
2.30399260902907 5.86951062725998
1.44876910756148 5.33360838179157
4.36763708696012 5.29781227671558
3.38447036715324 6.47566954694078
1.36637476928005 3.7305496733455
3.64990757051911 4.69924457833641
0.974375752860939 4.77120716841389
1.45884635864249 3.48838772035543
2.84558869348430 4.01265487662192
1.08060400314682 4.69101257333658
2.38698606003574 5.34365569741567
1.41865706449803 6.44375995460822
1.98131754679812 3.70258447092065
1.01457648889144 5.52124935059489
2.85392706534994 6.43124362913176
0.605208977365517 4.05293061929307
2.34518896079706 3.13399039167018
3.59332745287774 3.864324864578
4.56936235157398 4.06916824859571
2.49821406711293 5.75358438890113
2.91054691710592 5.95557430617941
1.15671366718140 6.09389589125749
1.35920350981229 6.20008283445034
1.90512359248518 6.26417980082899
1.77907156157989 5.57139841975511
1.34271888838740 5.0907608103635
3.83077210298553 5.17265785695449
2.02615621105406 5.11669205971607
2.45245860202675 4.22799096168274
0.627939032625255 4.2484779344443
2.64087190525954 4.77756046335708
2.87445976768760 3.43323831361708
3.07812162978265 5.88421779585166
2.35361510806583 4.70913353591054
1.85470874749885 4.62432831904829
2.26916401275501 3.05654965715355
1.77075525764992 3.43161951839306
3.63428193436747 4.63988483320499
1.89159549343005 3.89455451787017
1.55575258880488 3.74393799557223
1.16959037333335 4.68853052394518
2.41708739402444 3.48471923218952
2.24098011985603 5.38643026999369
2.65277248748775 7.7159142723979
1.93843301463894 3.73490113592373
2.53392158496581 4.93103202771178
3.11199948763992 5.5394396278704
1.42312375737289 4.37180476341247
3.20179621920529 4.82308401369768
3.19465182844715 4.68568205741707
1.47429542913881 6.02314399809976
2.11761782279994 4.45203163331501
0.126749412249687 4.52708475116678
2.94922168850691 6.04764354071362
3.09464179426916 4.63689520367681
2.27469233070535 2.94965351106016
2.70750688349111 5.19055846878907
1.56345274236619 5.35488093519668
2.10165223955721 5.62902683678672
1.92961244980185 6.32280995727443
1.83957155447781 6.2628140173391
2.55865853450800 5.49032709415515
2.25377468985979 5.67604939804623
4.01974145458458 5.34875424113574
0.597531487075925 3.92984012648075
2.63961391083226 4.41287028650443
1.55376178111097 5.31528151623779
2.09649337689187 5.60605918084139
1.43833205871708 4.87128126608003
1.34675650687695 5.10902642756969
2.03637541441541 5.46933251785571
0.790031320662227 3.95067238007507
1.56711720127476 5.34089005192205
3.02385747460584 5.1710625367233
1.97618364669802 4.05725957640341
2.66525750029660 4.80118088288981
4.23087917058993 4.09960281682661
0.954335347449614 3.05745564079228
1.66645532226054 4.26781244531468
3.11949915274714 5.56712939414461
1.13836245223731 4.99273079495032
1.46440828202379 4.99674618775832
0.505792736656102 3.91061222254424
1.76870546172034 4.40576960727438
-0.240652312665275 4.0280430052591
1.51031176979857 4.99895510447759
0.824642028993745 4.71778022828516
1.69601518474882 4.40521907685864
3.07499804075137 3.98513206108733
2.51080740386967 4.85281476836208
3.7681710224789 6.67470850881916
1.14969842707817 3.80244877906783
1.91896364217629 7.13611436497516
1.12199410236073 5.45614209882674
2.74461704666092 3.84527015954032
2.24218804502072 5.17495292866202
1.3608682188599 3.51478272604863
1.17961806393084 4.5884230153156
0.605640628460379 5.34100301770936
2.05127471545727 2.54195679160528
3.09701990154523 5.83095476152689
1.79702631770718 4.90338470328237
1.57223949191262 3.80253522445768
1.57148328842124 4.84477032071995
1.45346792039395 4.98600796089204
1.0074434963948 3.45517149223828
2.94123016382426 5.01504922447583
2.74886032137193 6.09422706232188
0.461666455853943 4.92657328120442
2.53917868255256 5.79441016393004
3.65634482976586 6.21195249624883
2.36572171460811 5.10146947704982
1.62919878250401 3.82762770966032
3.00789353160010 4.79979684443032
1.20240311998074 5.28374502142197
1.42438139821128 4.10426267266831
2.92348295064793 5.10003523078246
2.46093753942563 4.03735076048853
0.809073198950587 6.15806961305604
0.173084123246912 2.16600527128946
1.72852881711449 3.88298821136778
1.65765487199236 5.8688323217936
2.93010243772878 6.44120368916127
1.53305343846565 4.48927602132632
1.88873206480765 6.36137922209549
1.14571113575114 4.31601095560419
0.746731716513013 4.72896613381545
3.81061802187357 3.69180300252829
0.870050271134017 4.17103359559154
0.853689440384181 5.23037430749414
2.23771302607080 4.7418855461442
1.81854560471425 3.70823915883015
1.22582266535693 4.14758534962983
2.75495983108452 2.81010901118063
1.88683416847778 4.62690528150507
-0.0305094470182272 4.99979955197144
1.82812282985520 3.41574001750257
2.55885384759778 5.58444520247286
1.89896315723231 5.08680389675264
1.47932405203068 3.45627441091735
0.78134109601122 5.93563252399796
2.50566467030603 5.59654373000174
2.7693024690405 4.47424208596212
2.49670134145157 4.08066625388753
2.74459504061346 4.42141858277453
2.26140272685948 5.21269246787322
2.81370638214471 6.79185670544399
1.15933117669511 6.11764673191924
1.77708601275506 4.41369018100241
2.49388239401616 5.55507441734497
3.01050001340735 4.44328646742347
2.60076556047667 5.45698841516262
1.70280902389293 6.20397341912824
2.31111992228913 5.14474342713716
1.57768783654552 4.77301367759955
2.07909611651668 4.43037103457696
2.42348110984754 3.11532314479751
1.96081096102286 2.68387956492329
0.685377740384953 4.41507585153684
1.73068606948403 6.22310806200024
1.61847885782992 5.27262166295285
2.47202243126246 4.33570209129269
2.46364696633415 4.88557175720398
2.39248429900652 5.02636026483005
1.75280845727326 5.08524424359633
0.753952811285 4.95625383885582
2.79448197959260 3.88673057710315
3.19051342025903 3.11011266570165
1.58966332924908 3.64513865239857
2.73407833414098 4.51782484074909
2.64299215981433 6.88975255143812
-0.0886170399987578 5.50193402010042
1.37645983389194 5.21761076756278
3.02848091938492 3.02133742518552
2.52408950902388 6.91865038973997
2.32939786560185 4.66784865392973
1.70089127396876 6.06417574108483
2.55670704272683 4.23928420159446
1.16564573397395 3.84008334114774
1.13173400058754 5.18431023336579
2.44921115975808 4.48206821008152
1.26191055815045 5.21214225982824
0.00715499852744883 5.7373832529474
2.85882686964529 5.94583059416489
2.74940101561703 6.09209726961103
1.47382209766597 5.96378014934345
1.85472147650102 4.83846425659418
1.95704446072132 5.11741333761072
1.44462984412238 3.76470718312402
-0.221723824918948 5.23344428302774
3.57991232313949 4.92100077096695
2.79194614910422 6.94450428899549
1.16062405634815 3.98310765314441
1.46993448301853 4.40116919746352
3.31505825896562 5.39434633355964
-0.272562259593873 3.49388289562143
3.00584424641784 5.8940766483873
0.587486221560757 6.31421749783811
4.71132695559356 5.83148197063495
2.48445322988760 6.53481537332474
5.97574074923092 7.49784575885635
6.73411728726544 8.71215796815311
4.70164813153494 7.32379565426876
5.22869131584154 8.26928772917902
3.9467318274726 7.10340944732354
5.09290543157183 5.87334066365278
5.87224112941868 6.51786283296015
4.55009996613789 7.61463847472478
2.97329289334117 6.33504711270824
5.91645515682739 8.92891136852805
6.67608495870607 8.65046901156738
4.68403534385532 8.82346070208552
4.99337972552049 7.17380958411801
5.2958542122383 8.63658676267238
5.41147603514472 7.74649539420232
5.52572720919175 8.53960629001265
3.82976051259691 7.20164213770502
4.37794996432965 8.55122780205034
5.65738506907243 6.54789139898599
4.96284531857769 8.23357603980122
4.54264545809241 6.89478398514493
4.906916980106 8.41446055248991
4.63851850399811 9.88389475102007
4.73895892465083 8.53314188426201
5.62049813311828 6.85581931095562
5.3053487156867 7.1092572980833
5.14121773085233 8.28175426103358
4.83026153523215 8.50575895091193
7.30894584351088 8.11911460671131
5.34833696885010 6.55837113058614
4.45525420496463 6.7169338131921
5.39819275501474 9.20768169240245
4.50049949024238 8.10478488446063
6.0517616225516 8.52854990178792
6.76971578667512 8.30178056065097
5.33361056742824 9.42508346365618
5.14607777298595 8.97220944718442
4.88672912900017 8.45790156747576
5.665503127591 7.93860875709955
3.54671598377464 8.12587715300214
4.45219575621337 8.2820770897728
4.92567794113922 8.49428881731378
5.97744310348563 9.08634628326622
4.2353994431899 7.94603894529283
5.44155877996953 9.25186366031277
5.97436687748038 8.70580855027736
4.84813572342270 9.32854169219396
4.554154272094 9.12340381588507
4.54923576249331 7.55237758450628
3.67191742788594 8.61784727091008
5.47126512429134 7.83000328973458
5.91463795978457 6.72949489618645
5.95622339611044 8.71043556793398
4.30942248511809 7.62805368026844
5.30889364894638 7.98171555901827
3.80924054654681 7.67192144095802
7.34898971673242 9.1532733750063
3.12360699899404 9.72818415183782
5.14354548002464 6.09313348530219
5.66590341947907 8.83034558279993
4.93165160989299 7.04158214295378
5.28420121217587 7.83144558320402
3.93411365360256 7.63918924304743
4.21322877835384 7.12509407260857
5.08191950800236 6.94250114635257
3.67939809898717 7.46927852743298
5.35982177038369 7.51872119291413
5.43796333316311 6.782140702595
6.90359864460927 7.79431798990483
6.26659729631124 6.62451542531197
5.72796504622607 7.3406007423502
5.14582831945809 10.3042285886618
4.96210278908677 9.42146181740884
3.72415188111737 8.27094965749003
4.67681994622205 7.3159308430769
4.2371521811443 6.64164169419144
4.44476133159707 7.1570444977527
4.29603247694508 7.2221921006145
5.20137901697687 7.98179118996947
4.56779857212407 6.39746184667278
7.5721177040053 8.07054257901868
3.71719574178864 5.48257582632487
4.46784628650034 7.32126975148702
4.58492623564471 8.41345144245409
4.84444263541234 9.068876442116
5.10221390019283 6.77723421039317
4.029775114423 8.27632749231446
5.59176806106123 7.76337202737854
5.95557710195446 7.62323685538021
3.67589078891632 10.7017788143564
6.47174648685846 7.92362080599505
5.78361029744658 8.605225386386
4.60667598016852 6.99408297980054
4.65828323185432 8.28351885445753
5.36280697803863 7.27306777523766
5.44342766037343 8.28353754531211
5.42346214093886 7.90514364143132
4.59432438428303 7.4838698404113
5.68608689197332 7.57750083306976
4.22838678661283 7.74176670388355
5.49947827446233 8.42949238204866
6.13328410225764 8.53111461333132
3.36726729904427 7.34625885131861
4.69594746624811 7.10230965592194
5.08466858484653 7.431232558139
4.01938204775113 9.26756083355195
5.29408396487512 8.21614032994414
5.31163083253422 8.1826406109335
5.34877918009066 8.85570407099838
4.88630113791379 7.96940424514582
5.73541414476962 7.36550947398774
4.47378314509064 7.49758399289416
5.91414243654079 7.03787592821802
4.57540091578639 7.13209914338096
3.08822131897458 7.93831074158709
4.29753555803427 7.77033221304406
3.44804653895402 8.19397498650295
4.85193797936471 7.43629758173875
4.10652913053575 7.89471748878258
6.67596003910093 8.91646261710037
5.09013621202004 8.64292346700555
5.13898300142011 7.69373477409727
3.96122516923111 7.69804183122105
4.99172962362167 6.65876043885883
6.10954708933922 8.18687410039646
4.5410926865379 8.72376681480968
5.33559619370587 5.89891010125272
6.20643436084382 6.89301215031306
3.39834104807375 9.26276224777803
5.76048153755069 6.9879176681749
4.13888567278758 7.89370893085351
4.98257257199548 8.3258500617588
5.49858299882341 7.95218437371717
6.90158405153107 8.12967614717803
5.88408199777141 8.07384316602022
3.4777375156022 7.1852749473102
6.02295100583352 6.54142589862369
4.91159552316723 7.27233958356642
4.8739536330568 8.18871183861887
5.22952844939919 8.64797073434555
4.35275346728838 8.10506396226666
3.78973548248361 8.07437281671993
5.34865709424226 8.1800945410305
6.3229372057759 8.25785537276324
4.07940186162332 7.16074469612545
5.46735201818564 7.48737497629797
4.85184489176905 8.83698904207523
5.65365308206385 8.72415885390892
6.10912146149637 7.69664069423576
3.75915193855869 8.76055337835265
4.61449488336214 6.97606958509625
4.00370867998028 7.56971443270374
5.06261724073639 8.74861111835577
5.30946292718307 9.90887067390127
5.58030928382191 7.8010185222068
7.10539612407764 8.79817797554206
4.95814177070044 7.87511023287488
5.40278698947145 5.96228831068217
6.2831550572427 8.75058013190015
4.5124818436607 8.97514118616092
5.24305693977782 6.33861707302007
3.87091692777566 9.10114461405659
3.20821937100138 8.32956994907693
7.28846199573994 8.08184210135886
4.33141587307359 7.12849981597749
5.01793049032698 7.4482718472094
5.40533133171632 8.33138624823051
6.52307937384688 7.46988255141682
4.57428717204648 8.75571459107557
6.01237822324159 7.74616503260537
3.90206640550644 7.8918916091346
5.34933555182851 6.68614580527362
5.23853976600357 8.27424704375659
6.8530519822498 7.28376545306011
6.22347070607188 7.38313509422287
4.9562274679544 6.19418622569094
6.388373598015 7.8955129815848
4.84765610234551 8.0162949509667
4.46902008472377 8.86826099423108
2.968500535585 7.69201828430391
5.31444044892365 7.0305464490526
5.10024228850407 8.97782446866526
5.79706788948272 7.59994660817212
3.54242761959761 7.0001377760194
5.24494034471126 9.42932949812209
5.25651760385246 6.49256181521074
4.21463772771638 6.91127208042572
5.15506240810605 6.98125554792092
6.17284967909259 8.28464699286687
6.58434248383202 8.81299245986542
6.6378221845621 8.81157115822546
6.17503903487715 7.145053454746
4.48799858409852 8.89064349029717
4.99327598393336 8.28198552221572
3.82159521663807 6.28510570518607
3.52610728314722 7.3065514320049
5.62091657461249 8.10288918032568
5.88453673947458 7.16419633909192
5.12853753948544 7.93963087831522
6.7717137764034 8.74544165245618
5.35373759096232 9.06824604252862
6.73339712571881 8.36994627282683
3.36149562886872 7.94330406530534
5.72321392742033 7.77973037772614
4.28005258559622 7.45288744854577
8.16900792381531 8.14558895788011
5.81360846789338 8.88634830321067
4.0166418308767 8.51575032399315
4.73969956576272 7.69548115471036
4.31718927565438 7.22722681347525
4.36064348000487 8.86860613703733
5.30627260864123 8.28742801632287
4.92958395643541 7.25981025864817
3.67250725719741 9.01055475546235
5.48545561811491 7.01221698781902
3.44889895129290 6.74353083365072
6.19180276731326 7.5398273155382
5.81618056572418 9.68349736184714
3.25661995030752 8.28031042776201
5.7937502714849 8.32561957275623
3.08613047956008 8.03909829889473
4.99570234166385 8.59266835231223
6.46770350946528 7.40379549434926
5.23132378292131 6.91989322866735
4.39009010572084 6.49980806358604
5.02128845954249 7.67191167935368
6.09864317181718 7.53882071076556
7.1325356109642 6.58864991265577
5.73833790452033 8.75259398815825
4.92103570319412 8.07621274163902
3.64086585634607 7.09995633476141
5.09921808104722 9.23295160913902
3.69422893306614 9.07692625281789
4.76963463778181 8.88285991958589
4.94661870372056 8.43541261407791
4.92803894066301 9.35311805333416
4.82659676106441 8.65698035732049
4.49229478580042 7.87906336777839
6.41346859818481 8.8323466509323
3.94916985629497 9.15906925048323
5.8387315844093 8.15100542869577
5.12507535327102 8.25927889681081
6.09304094928677 9.72330951888955
4.46535937149365 7.2858952470759
6.35133983111696 7.25690014076396
5.7232411690291 8.80243117766686
4.40691612331417 7.90783758115512
4.36507867344718 7.57136026057036
5.96916711186932 8.12545432222437
3.79494165919394 9.0911814348808
5.07991104888282 8.95344919441941
4.66842095648474 7.6203465820804
4.83660931841052 9.44407935356862
3.50931396162497 8.73127546980953
5.76305520937586 8.5807772845932
7.03519093346253 8.69402649540557
6.20328214985284 8.26551562109771
5.20409030800341 7.97892735336717
4.72575239088387 8.04530397155795
4.08105399056637 6.05891041047962
5.92417660578567 8.41868984969515
3.21540671011282 7.75048295877541
4.68997756199374 8.27812469778695
7.69160618001056 9.85614572437
7.03153390420961 7.71169830598538
6.60900795061424 8.22267484076475
5.91553680403846 6.85145427894275
4.71263525803033 8.40214846534384
3.93674445150946 9.17506273280826
6.2945428417852 6.4030528319605
5.66004263887857 7.18104398971505
4.47060529306404 8.66635463473086
5.02780004507095 8.11750818293107
6.51737201618163 8.84904279446028
5.13302554023399 7.8526425574631
5.14227914920531 8.12446633114875
5.79819884389126 8.62423993771075
4.76007572404916 7.38824309438152
6.03735320105999 6.5491145525981
3.91163428412990 7.34403165665126
5.45348796221449 7.06789735353621
5.49103905819144 6.27966833478418
4.07949695262311 8.30623443275242
4.76989940848992 11.4086555610115
3.72785521631906 7.88159876498557
5.03177935345171 6.85418541793803
5.74556104055499 7.55370065584863
3.98242796245978 9.62836250703138
3.16030966905826 7.78730680898605
4.76396919379509 8.24452897380815
5.78584356475301 8.7953960208279
5.12511502291811 6.87539836315533
6.94128774755315 6.7444417870848
5.36679652986829 8.74146252263097
3.86150989710945 7.09440819027768
5.38782817089073 8.6618267780374
4.79340670603594 8.94339239308354
4.59446788408819 7.15277676600553
9.35654204755125 4.48489722308327
8.62722811367653 5.28447244226877
9.07112749166597 4.55872156862524
8.3436116602421 6.90461349698032
7.67661691812147 6.27209915159049
9.15586513020916 5.7950744564735
7.42145350527728 4.33412871303055
6.62258381701669 6.10121971190361
7.26161071874476 6.26487207969084
8.10640732660967 5.82094638442316
9.86933266929468 5.76804654586709
9.12039208831555 6.1321562277636
8.7296102507944 5.8627761352498
7.79690644960678 6.4468647648728
8.95097746085772 5.74186376499953
9.7247258211334 7.01187452050003
9.6038808119451 6.29645762012256
7.2131423451535 6.26249819875561
9.41121291712346 5.89988177066297
10.5542863175886 5.90079970919034
8.10820052549533 6.27914501020705
7.37922618302998 6.61731349067028
8.784467678996 7.81323065296754
8.88927217911461 5.76304476876175
8.83287444841402 7.03909519832888
6.17468052502606 6.98342652821021
7.97014085466259 6.1720069683012
9.06255002875376 7.25007202339419
8.32599965030118 6.42023069879305
7.52375777855887 5.53135523605081
8.6249755122096 4.96162131800146
10.3769951023844 5.89365172467402
8.642681862444 6.14804577021921
9.12028395765785 5.23928765497301
8.08886486911825 5.21199316832564
9.18938637895167 7.59034878218301
7.555334268222 3.83715166945999
8.90841667551885 7.00892067128437
8.50201340105578 7.46592873060833
8.89288737412795 4.64144629022212
9.20611259566067 4.54874355027299
9.4890426466209 4.93120227854935
8.06157539719077 4.15260892917704
7.94296259151797 6.08108259787186
6.71676123062158 7.99063743920553
9.49023352302676 6.64137269486525
9.54552654214773 6.75388307098132
8.14594458321488 6.75543396324015
7.66679318961198 5.53971679301322
8.10697267860541 5.66923155179396
9.35004917538698 6.54626493758754
7.47559201923584 4.50731515726171
9.60750399229583 3.26197916827861
10.2629345457651 6.69566462290472
7.0933776260431 6.70772897319487
7.37779776365051 6.60846226701072
9.69180848360768 6.00559000012571
8.46412358548556 6.12962489055516
8.823759591227 5.92159914862648
9.09263210776325 5.21525543450612
9.20630468976946 6.89923116857148
9.26164693792042 6.1604605914718
8.16229684705226 5.35524183748191
9.1532318632884 5.14640745389841
8.18323587323459 5.70650988746822
7.62014467380497 5.72583770765026
8.77221332849664 5.99421042931349
9.74311624124421 4.36778446175671
6.95937017506323 6.0005855810023
8.19285812320082 5.85008725581436
7.85669171301811 7.73368061997563
9.27394970808058 5.12552473329351
8.30089299859469 6.74666634251165
9.30887376434335 4.49902430351259
8.95699900366915 5.13385597585514
9.1834775601146 5.71784107282529
8.48814103295305 4.73362348934119
8.70427888988836 5.9914833435357
7.88656377269411 5.91294217025354
9.23007600105875 6.55997925022225
9.44668502169925 6.01325279555576
8.30573305020875 6.61788464189604
8.7998783266448 6.23124661296989
10.2492761742802 6.0602174482655
6.90159247818136 6.07966528475819
8.16474449767533 5.0318051147768
8.74101973059236 5.88093141545343
9.10104975259436 5.91829993688602
8.7315009223959 5.65704207276439
7.80461996146282 7.01174685222648
8.54196899292811 6.88375864792481
8.92656927297612 7.36290656363078
8.25722435265352 6.41534849255205
9.78963111947945 5.36719991051033
8.87516309533131 6.34121258869007
9.83339754752773 6.56617859259435
8.26107184009547 7.54388390773627
9.7108746781677 6.57436968727474
9.11452659513714 6.64878744396824
7.70147885786206 5.66561187138924
8.03514987669433 5.87548258199627
9.71667469284062 5.35689542639892
7.98334292627537 7.26727591797903
7.89816604015637 6.25827105963041
9.49005871726171 5.41938542325403
6.35974239962822 6.05580977272456
7.93336073967855 6.61625639419734
8.00422625885541 6.18087686310533
6.2556529503238 6.41678534812025
7.76890573292965 3.29034230120261
8.28348442565559 7.63764272231794
8.10366480690157 6.63276854199951
9.5273667707678 6.36450638225099
8.29296732493268 5.19949117905172
7.88654212790884 5.57062442549809
8.6127735653654 6.47803413215613
8.0545138028029 4.83948400692703
8.03673492000154 7.0691787156098
9.02233103528868 7.04005633435909
8.10749813427275 4.47046835961644
6.7165888473987 5.8832669082904
10.1244291259039 4.04657384888143
7.69994076404338 6.37511480283596
7.40166626473977 6.31829841271537
9.00065594509863 5.06498310192559
10.7670753387170 7.292801536538
7.45208823494694 6.58095844206496
7.83330278719721 6.67200613244785
7.51855321303818 5.75332008041286
6.88478889842741 6.69705667880102
6.80888963541361 5.56794433020702
8.09859667128551 6.1585081187692
8.42181398536306 5.91106065116661
10.3560655642559 5.13260173754404
8.57321212583506 6.19828219979016
10.4116677455700 5.590300675999
7.655724610158 5.04678351696656
9.96291250000633 5.80533696597416
9.29852963550876 7.07345682951837
7.76559640587337 5.87246254176873
8.01745007876437 6.07263766863378
9.94213334959688 6.321609257247
8.05371782979651 3.18312349228782
8.04732987436244 6.60681841183509
6.1579905947615 5.69081569368245
7.65824491007979 7.18234167859153
6.55992961165009 7.81859367482809
8.96770104884507 5.36041800523557
10.0951047459536 6.60031281641855
9.82525782296377 5.73821967376916
7.93011696585385 5.73016156204992
8.68702282139452 4.83357920576789
9.7442293695476 7.47926751476159
8.47467436330597 5.62911820124901
8.3061738961524 5.58271245930234
8.02572257279894 5.50451631691491
9.350732228317 6.25812627340109
7.74895459592404 6.56304881756194
8.94838670117895 6.01356272200634
9.02651151379757 3.79125766377564
9.82879803904129 6.51622260728569
7.35735120572505 5.56043347503595
7.80415441659027 5.67256495195189
8.90660546528053 7.37239216505844
9.03939495698542 7.28891918281284
8.19321526883023 7.61338615360497
10.8119096425370 5.77406123859551
8.5041862397623 7.11014986679594
7.24581228103484 6.7943351285004
9.42907943200781 5.62323327353594
8.58656636217686 5.85141156072847
7.55340572938029 7.41333437431412
8.04919748063132 5.89741775446828
8.78298211399313 4.98368909103529
8.04311208406846 6.00439157172863
6.6972941236569 5.31256737901010
7.75806633571952 6.19578727810084
7.85084620280884 6.11644976316802
8.63892340913865 6.51375670873405
7.77468940129527 4.78403297306915
9.35780765118012 6.46081214832115
6.78411759802043 6.94569583892908
8.82073297174465 5.14181182796241
9.39715215091323 7.61943806714057
8.93303554009369 5.29532123528327
7.0042228897736 6.23378837394376
9.05306645386952 5.51678627767182
8.00679328999817 7.14636137703091
6.39502752433261 6.01900039572563
8.32663513630363 6.78438055372207
9.15254846391073 6.37854678375755
7.71544975728785 5.2684646305155
6.72864923975474 5.97340510931952
9.43472370749567 5.32164569706294
8.76858947246127 5.61893630298062
9.00129428572819 5.14767465169502
8.93636877175566 6.32931135942407
9.6925263282913 6.8586589019141
9.62783073630186 8.20509597096412
9.6167187306636 4.62490490291657
8.34071783144641 6.81573473963567
9.4732087975731 6.27689494719572
8.29091899608757 7.61457020555096
10.6511598377962 4.92927772681155
9.21310846206864 5.3508551201812
9.95139815311546 7.0081775523529
7.9544474250977 4.18469909421703
8.53713224106158 5.26932578249744
9.40955632036761 6.59734616709863
8.77488349450544 6.21829490572348
9.51413527942093 5.57344515803452
7.04929248932915 5.78142800602603
7.50037148799537 5.43089441996041
9.2986457451682 5.59076798025885
8.98123516129916 4.60407303483558
8.76285222304729 6.91589202934257
9.07699153622054 5.62326932841306
8.33467275472482 7.93563565698685
8.68676684411441 5.19398457339561
8.61169436367452 6.59279941999821
7.11613161445619 5.80885457022312
10.7465614815585 5.95399748524271
7.63785562959271 5.35978567643195
7.57324111969635 7.88242453026207
7.03971664172016 6.15544649953812
7.90157753676993 5.63189660851761
8.0992729328696 6.51142414313661
7.46329641158743 7.68262194249456
6.18621532643387 6.89967178153694
7.95249351248959 4.74794494565605
9.35843545716458 6.5117676885063
9.16811189240265 5.38024731492791
9.21632292356825 5.13067521799093
8.19473253928073 6.80145232635364
9.6430842185484 5.8071381478526
9.30953258233975 6.42890255070087
8.61352464507175 5.53252181397851
8.15896478969162 7.24366740751989
7.88420762904132 6.48138170910212
9.70782931878032 8.08654941621151
7.24806204001898 5.45114129969797
10.3319993003407 5.76189908550262
7.13830436555949 6.33106922750147
7.33998455021201 5.99864471303608
6.62413857003246 5.06204233619481
8.09426502832056 6.8166647544886
9.03109785301375 4.9537853485968
9.51235711727576 6.92172620981968
8.89497029675029 5.26693341737125
8.26417696667123 5.40169006676668
9.5927954055672 5.93315911130176
7.99179795451542 5.93807031895856
9.73611115845151 5.56510476175376
9.40970957582463 6.26054477560036
8.83354783410429 5.73824464184475
7.6558744205556 6.82628528160449
10.5695237821020 6.69661363834608
7.84099485425962 5.22513885690312
8.18199397285466 6.10622671771541
7.22047436917692 6.01666781800348
6.83706790284568 4.81191820830171
8.07486503275121 6.4699957375612
7.33780116934804 5.47200075115546
7.12787308374863 5.49950172292148
8.47356483894503 6.73889779534967
9.58049990895679 6.54789970334089
9.70594513687896 4.87335455676748
9.98655976672102 7.78388745487248
9.04754803193538 5.09654809515661
8.3699447284018 2.70918365754312
10.1225236125710 6.24281721840203
7.80446874619651 7.19505112454293
9.7819781595624 7.74385470029877
8.11938800994793 5.05660669755368
8.15762822457972 5.53624981232072
11.2544168750183 6.04599673275725
7.39405213380715 6.36295195227932
8.75829129637824 7.48978991798014
6.92940355172714 6.32249439088043
6.9585512898167 7.01272837067013
7.30681966047689 6.94993702454785
7.86615066762106 7.35249280466297
8.59309644980186 5.02378993162257
8.06636301836419 7.12927219315054
8.79046729281194 7.80603488393252
7.68302446090704 4.23011363245409
8.90626495494777 4.16170903551236
9.57590515627784 4.55093610204855
9.00400396721225 8.39515584727529
7.09925636338691 7.29287190345384
9.44142556769086 5.99895475104653
7.79705394806027 6.4367194151012
9.40700906335208 6.2274866754311
7.8481653006452 6.55952972769334
8.08122976221894 5.81173149385711
6.45095713465235 3.2930071883141
9.82704838686973 5.89234188371977
10.7563452324274 7.64799309721501
9.98312816693867 6.65893086879202
8.18235139278517 7.15036634300694
