A	B	C	D	E	F	G	H	I	J	K	L	M	N	O	P	Q	R	S	T	U	V	W	X	Y	Z	N1	N2	N3	N4	N5	N6	N7	N8	N9	N0
.92	.04	.06	.13	.03	.14	.1	.13	.46	.05	.22	.03	.25	.34	.06	.06	.09	.35	.23	.06	.37	.13	.17	.12	.07	.03	.02	.07	.05	.05	.08	.06	.05	.06	.02	.03
.05	.84	.37	.31	.05	.28	.17	.21	.05	.19	.34	.4	.06	.1	.12	.22	.25	.16	.18	.02	.18	.34	.08	.84	.3	.42	.12	.17	.14	.4	.32	.74	.43	.17	.04	.04
.04	.38	.87	.17	.04	.29	.13	.07	.11	.19	.24	.35	.14	.03	.09	.51	.34	.24	.14	.06	.06	.11	.14	.32	.82	.38	.13	.15	.31	.14	.1	.3	.28	.24	.18	.12
.08	.62	.17	.88	.07	.23	.4	.36	.09	.13	.81	.56	.08	.07	.09	.27	.09	.45	.29	.06	.17	.2	.27	.4	.15	.33	.03	.09	.06	.11	.09	.19	.08	.1	.05	.06
.06	.13	.14	.06	.97	.02	.04	.04	.17	.01	.05	.06	.04	.04	.05	.01	.05	.1	.07	.67	.03	.03	.02	.05	.06	.05	.04	.03	.05	.03	.05	.02	.04	.02	.03	.03
.04	.51	.33	.19	.02	.9	.1	.29	.05	.33	.16	.5	.07	.06	.1	.42	.12	.35	.14	.02	.21	.27	.25	.19	.27	.13	.08	.16	.47	.25	.26	.24	.21	.05	.05	.05
.09	.18	.27	.38	.01	.14	.9	.06	.05	.22	.33	.16	.14	.13	.62	.52	.23	.21	.05	.03	.15	.14	.32	.21	.23	.39	.15	.14	.05	.1	.04	.1	.17	.23	.2	.11
.03	.45	.23	.25	.09	.32	.08	.87	.1	.1	.09	.29	.05	.08	.08	.14	.08	.17	.37	.04	.36	.59	.09	.33	.14	.11	.03	.09	.15	.43	.7	.35	.17	.04	.03	.03
.64	.07	.07	.13	.1	.08	.06	.12	.93	.03	.05	.16	.13	.3	.07	.03	.05	.19	.35	.16	.1	.05	.08	.02	.05	.07	.02	.05	.08	.09	.06	.08	.05	.02	.04	.05
.07	.09	.38	.09	.02	.24	.18	.05	.04	.85	.22	.31	.08	.03	.21	.63	.47	.11	.02	.07	.09	.09	.09	.22	.32	.28	.67	.66	.33	.15	.07	.11	.28	.29	.26	.23
.05	.24	.38	.73	.01	.17	.25	.11	.05	.27	.91	.33	.1	.12	.31	.14	.31	.22	.02	.02	.23	.17	.33	.63	.16	.18	.05	.09	.17	.08	.08	.18	.14	.13	.05	.06
.02	.69	.43	.45	.1	.24	.12	.26	.09	.3	.27	.86	.06	.02	.09	.37	.36	.28	.12	.05	.16	.19	.2	.31	.25	.59	.12	.13	.17	.15	.26	.29	.36	.16	.07	.03
.24	.12	.05	.14	.07	.17	.29	.08	.08	.11	.23	.08	.96	.62	.11	.1	.15	.2	.07	.09	.13	.04	.21	.09	.18	.08	.05	.07	.06	.06	.05	.07	.11	.07	.1	.04
.31	.04	.13	.3	.08	.12	.1	.16	.13	.03	.16	.08	.59	.93	.05	.09	.05	.28	.12	.1	.16	.04	.12	.04	.16	.11	.05	.02	.03	.04	.04	.06	.02	.02	.1	.02
.07	.07	.2	.06	.05	.09	.76	.07	.02	.39	.26	.1	.04	.08	.86	.37	.35	.1	.03	.04	.11	.14	.25	.35	.27	.27	.19	.17	.07	.07	.06	.18	.14	.11	.2	.12
.05	.22	.33	.12	.05	.36	.22	.12	.03	.78	.14	.46	.05	.06	.21	.83	.43	.23	.09	.04	.12	.19	.19	.19	.41	.3	.34	.44	.24	.11	.15	.17	.24	.23	.25	.13
.08	.2	.38	.11	.04	.15	.1	.05	.02	.27	.23	.26	.07	.06	.22	.51	.91	.11	.02	.03	.06	.14	.12	.37	.5	.63	.34	.32	.17	.12	.09	.27	.4	.58	.37	.24
.13	.14	.16	.23	.05	.34	.26	.15	.07	.12	.21	.33	.14	.12	.12	.29	.08	.87	.16	.02	.23	.23	.62	.14	.12	.13	.07	.1	.13	.04	.07	.12	.07	.09	.01	.02
.17	.24	.05	.3	.11	.26	.05	.59	.16	.03	.13	.1	.05	.17	.06	.06	.03	.18	.96	.09	.56	.24	.12	.1	.06	.07	.08	.02	.02	.15	.28	.09	.05	.05	.05	.02
.13	.1	.01	.05	.46	.03	.06	.06	.14	.06	.14	.07	.06	.05	.06	.11	.04	.04	.07	.96	.08	.05	.04	.02	.02	.06	.05	.05	.03	.03	.03	.08	.07	.06	.14	.06
.14	.29	.12	.32	.04	.32	.11	.34	.21	.07	.44	.32	.11	.13	.06	.2	.12	.4	.51	.06	.93	.57	.34	.17	.09	.11	.06	.06	.16	.34	.1	.09	.09	.07	.04	.03
.05	.17	.24	.16	.09	.29	.06	.39	.05	.11	.26	.43	.04	.01	.09	.17	.1	.17	.11	.06	.32	.92	.17	.57	.35	.1	.1	.14	.28	.79	.44	.36	.25	.1	.01	.05
.09	.21	.3	.22	.09	.36	.25	.15	.04	.25	.29	.18	.15	.06	.26	.2	.25	.61	.12	.04	.19	.2	.86	.22	.25	.22	.1	.22	.19	.16	.05	.09	.11	.06	.03	.07
.07	.64	.45	.19	.03	.28	.11	.06	.01	.35	.5	.42	.1	.08	.24	.32	.61	.1	.12	.03	.12	.17	.21	.91	.48	.26	.12	.2	.24	.27	.16	.57	.29	.16	.17	.06
.09	.23	.62	.15	.04	.26	.22	.09	.01	.3	.12	.14	.05	.06	.14	.3	.52	.05	.07	.04	.06	.13	.21	.44	.86	.23	.26	.44	.4	.15	.11	.26	.22	.33	.23	.16
.03	.46	.45	.18	.02	.22	.17	.1	.07	.23	.21	.51	.11	.02	.15	.59	.72	.14	.04	.03	.09	.11	.12	.36	.42	.87	.16	.21	.27	.09	.1	.25	.66	.47	.15	.15
.02	.05	.1	.03	.03	.05	.13	.04	.02	.29	.05	.14	.09	.07	.14	.3	.28	.09	.04	.02	.03	.12	.14	.17	.19	.22	.84	.63	.13	.08	.1	.08	.19	.32	.57	.55
.07	.14	.22	.05	.04	.2	.13	.03	.25	.26	.09	.14	.02	.03	.17	.37	.28	.06	.05	.03	.06	.1	.11	.17	.3	.13	.62	.89	.54	.2	.05	.14	.2	.21	.16	.11
.03	.08	.21	.05	.04	.32	.06	.12	.02	.23	.06	.13	.05	.02	.05	.37	.19	.09	.07	.06	.04	.16	.06	.22	.25	.12	.18	.64	.86	.31	.23	.41	.16	.17	.08	.1
.06	.19	.19	.12	.08	.25	.14	.16	.07	.21	.13	.19	.03	.03	.02	.17	.29	.11	.09	.03	.17	.55	.08	.37	.24	.03	.05	.26	.44	.89	.42	.44	.32	.1	.03	.03
.08	.45	.15	.14	.02	.45	.04	.67	.07	.14	.04	.41	.02	0	.04	.13	.07	.09	.27	.02	.14	.45	.07	.45	.1	.1	.14	.1	.3	.69	.9	.42	.24	.1	.06	.05
.07	.8	.3	.17	.04	.23	.04	.14	.02	.11	.11	.27	.06	.02	.07	.16	.3	.11	.14	.03	.12	.3	.09	.58	.38	.39	.15	.14	.26	.24	.17	.88	.69	.14	.05	.14
.06	.33	.22	.14	.05	.25	.06	.04	.06	.24	.13	.32	.07	.06	.07	.36	.39	.12	.06	.02	.03	.13	.09	.3	.3	.5	.22	.29	.18	.15	.12	.61	.85	.7	.2	.13
.03	.23	.4	.06	.03	.15	.15	.06	.02	.33	.1	.14	.03	.06	.14	.12	.45	.02	.06	.04	.06	.07	.05	.24	.35	.5	.42	.29	.16	.16	.09	.3	.6	.89	.61	.26
.03	.14	.23	.03	.01	.06	.14	.05	.02	.3	.06	.07	.16	.11	.1	.31	.32	.05	.06	.07	.06	.03	.08	.11	.21	.24	.57	.39	.09	.12	.04	.11	.42	.56	.91	.78
.09	.03	.11	.02	.05	.07	.14	.04	.05	.3	.08	.03	.02	.03	.25	.21	.29	.02	.03	.04	.05	.03	.02	.12	.15	.2	.5	.26	.09	.11	.05	.22	.17	.52	.81	.94
