234	212
268	264
220	234
228	280
303	275
192	217
231	293
267	220
308	279
285	286
214	260
189	279
229	310
257	203
193	285
268	273
245	259
209	251
254	297
251	293
285	239
301	193
281	223
286	296
264	227
307	216
275	222
309	233
237	246
310	212
315	297
271	220
304	219
273	219
309	252
226	278
300	236
207	270
291	202
249	231
275	297
213	284
202	249
232	209
262	224
313	201
252	245
242	290
250	221
288	291
211	319
305	310
319	235
243	277
310	259
196	261
273	269
316	289
283	258
226	303
303	243
299	302
274	286
235	212
208	256
287	320
234	298
243	226
245	242
304	232
319	215
304	205
222	230
212	296
236	204
273	208
213	244
300	268
246	282
271	262
305	232
263	262
307	280
219	203
227	271
323	239
286	299
284	317
290	219
242	220
256	244
202	235
209	282
283	325
258	243
210	214
297	325
211	324
246	252
284	232
255	220
293	310
251	303
210	320
294	265
223	286
316	294
229	247
310	236
244	321
298	316
266	310
213	216
316	259
270	240
246	259
299	292
308	329
320	260
228	318
306	212
234	302
269	255
286	251
285	303
330	268
314	284
303	259
300	255
307	215
301	240
310	227
207	303
264	298
311	279
317	261
299	209
284	313
219	264
242	265
268	261
246	294
323	239
298	278
232	267
213	213
290	284
264	268
282	291
221	249
316	295
321	306
302	214
274	297
305	220
294	225
287	279
317	257
292	277
318	280
229	262
275	308
329	316
318	321
252	264
287	302
279	213
260	332
236	295
240	269
265	236
260	290
302	245
322	251
299	221
300	220
217	322
268	262
294	324
223	255
273	239
294	261
246	217
306	248
265	330
248	288
276	220
267	305
298	261
256	288
238	264
340	229
258	238
218	249
261	264
297	297
219	313
247	240
260	235
282	318
308	234
322	243
335	261
245	300
271	286
224	244
284	252
278	264
266	336
295	237
341	274
235	227
240	255
305	310
293	303
325	277
337	230
284	303
290	285
298	264
245	311
257	220
289	261
313	312
255	309
340	243
287	270
315	228
247	272
301	324
333	343
324	226
320	260
234	261
272	242
255	332
327	325
280	308
312	325
265	225
240	339
316	277
262	227
277	281
287	286
280	250
246	343
262	303
334	319
335	298
298	330
241	249
289	296
231	261
318	314
253	230
298	259
283	295
261	347
342	327
321	256
333	300
312	320
227	272
322	309
228	268
266	239
277	233
306	324
348	323
285	235
278	340
280	352
273	317
311	259
274	344
305	280
328	340
268	315
313	252
264	297
255	271
238	319
296	263
353	318
348	333
328	292
327	289
314	329
336	327
338	266
342	325
274	343
293	315
276	289
317	243
253	321
316	250
257	263
306	256
251	320
274	247
246	250
277	262
328	320
352	325
302	348
310	287
235	237
348	356
292	312
329	302
347	327
266	251
306	327
338	282
259	261
243	306
344	315
308	266
359	275
261	288
248	350
347	322
319	251
270	271
332	265
236	241
336	288
350	340
324	334
304	312
302	343
349	237
275	297
245	295
273	284
319	290
261	302
327	286
348	266
359	329
287	343
263	252
284	338
280	287
346	331
250	240
250	348
352	242
312	311
285	270
255	282
256	269
317	283
294	286
313	266
327	323
257	327
276	288
351	310
356	308
331	277
283	326
343	347
266	258
251	252
273	258
342	307
354	337
314	315
338	312
249	248
337	284
287	260
261	252
279	326
361	309
249	267
256	272
266	311
363	255
365	307
245	357
358	274
284	363
355	280
358	283
276	290
338	362
276	296
329	319
274	263
364	305
328	277
259	353
273	262
325	319
253	247
263	348
248	282
253	339
336	258
258	370
286	276
290	349
274	305
365	300
304	280
307	367
345	329
250	319
326	320
304	251
347	366
276	268
335	337
280	282
305	261
276	346
292	272
311	252
325	285
354	294
298	355
367	343
306	299
341	319
272	290
269	342
330	344
264	253
334	345
268	282
346	367
359	357
311	320
344	376
330	287
343	351
374	360
355	370
298	267
256	376
307	280
371	287
326	375
282	292
301	268
358	345
263	283
313	333
269	375
355	326
322	378
325	313
356	301
274	287
357	268
302	376
326	337
360	270
263	335
300	265
339	311
305	376
271	283
356	311
325	283
326	295
276	261
274	302
313	319
267	327
379	320
258	348
335	261
262	317
370	356
306	379
346	381
269	337
369	335
340	295
341	285
380	366
313	300
323	355
261	372
372	346
309	371
295	273
363	306
346	311
346	297
330	270
298	346
386	294
346	357
360	263
382	302
341	361
323	325
379	362
273	304
281	328
355	385
287	294
305	298
381	296
311	388
368	379
298	301
360	379
333	270
291	336
385	383
304	343
364	347
357	385
356	326
279	304
372	352
306	342
281	281
281	295
272	387
332	360
305	266
355	285
382	328
337	356
343	297
365	389
338	299
354	284
381	285
323	290
386	318
369	284
279	316
300	301
392	282
295	279
370	270
274	285
323	350
373	355
287	295
391	285
334	312
328	351
275	326
282	392
287	320
363	359
338	320
367	291
277	394
378	322
291	345
334	290
283	368
314	332
284	395
312	364
363	396
326	361
382	352
339	315
296	364
365	393
373	303
338	392
290	384
302	316
303	318
290	306
360	299
392	280
346	322
325	383
389	281
359	289
347	372
286	396
340	294
368	288
297	388
279	344
291	295
347	375
286	356
311	302
321	392
336	397
381	362
377	307
384	280
310	281
285	395
370	305
338	329
299	310
284	366
394	347
380	373
329	346
390	318
402	361
344	352
340	309
282	361
301	363
281	316
377	316
360	348
401	394
385	380
301	387
323	402
375	338
326	297
381	284
316	377
337	354
401	347
302	332
312	395
366	391
354	358
292	370
381	401
398	328
346	386
316	329
304	404
401	406
381	314
365	324
367	289
397	407
314	311
353	395
389	332
348	340
356	376
322	372
328	325
398	375
361	326
306	325
374	287
407	365
378	399
339	348
298	343
365	387
330	398
290	357
399	307
397	299
333	338
309	327
386	381
411	351
372	368
391	339
342	407
412	377
376	334
412	297
306	313
320	302
352	341
412	365
301	357
293	313
331	366
351	324
396	362
290	346
314	315
395	298
348	395
345	328
313	306
386	391
311	343
331	357
339	348
394	369
373	322
368	342
388	404
407	343
340	297
375	358
335	323
409	305
321	388
306	382
334	294
313	389
390	343
301	412
346	396
306	405
384	304
338	400
312	319
295	335
348	305
294	326
417	400
406	385
350	313
339	310
391	362
316	369
364	301
358	351
354	314
305	306
401	377
404	320
357	385
351	334
372	360
305	334
414	318
370	389
319	301
369	342
376	347
335	420
301	377
386	356
386	396
338	422
390	347
396	328
313	316
371	353
383	338
404	329
360	423
338	421
341	408
300	315
412	350
390	366
412	396
344	330
387	410
393	386
350	421
318	383
372	316
329	306
350	336
353	383
317	358
350	310
338	346
378	337
420	356
380	390
368	382
372	366
410	405
402	407
341	386
422	422
401	416
382	344
382	411
356	356
375	316
427	350
403	383
357	374
355	414
417	326
383	366
413	357
307	410
415	343
307	345
319	398
377	353
407	342
392	338
391	338
429	318
330	331
326	395
429	350
329	324
309	342
339	349
386	400
347	425
323	429
426	344
367	338
340	330
431	415
428	411
332	382
375	407
358	346
386	323
316	417
406	367
332	419
316	433
374	345
358	310
343	416
355	406
342	313
397	333
364	345
396	388
338	376
324	363
408	377
319	416
399	376
424	319
405	351
395	339
348	383
390	331
430	365
401	353
390	435
361	343
370	415
328	347
415	343
355	338
345	423
426	375
364	379
344	359
413	406
382	353
430	415
432	373
326	341
332	401
382	391
436	323
401	394
425	332
371	378
420	380
374	392
342	402
397	412
385	399
330	390
424	411
421	318
384	414
399	395
353	421
435	380
430	374
390	434
379	389
427	378
406	376
339	421
342	418
400	440
441	433
352	372
410	346
381	385
335	431
394	331
359	345
324	327
367	413
344	364
357	398
378	423
362	399
420	332
419	416
356	322
394	417
329	438
413	423
347	400
352	437
325	364
346	362
441	389
394	390
349	409
388	428
380	438
364	329
360	378
401	369
373	393
353	447
342	347
396	391
338	386
435	439
415	324
356	394
401	358
330	402
352	411
405	371
421	394
427	393
351	401
347	399
354	446
401	440
440	349
342	332
401	377
384	430
433	389
442	346
427	345
378	344
353	364
445	371
434	403
448	350
451	382
344	361
356	374
392	376
409	410
404	404
420	346
428	395
432	339
435	399
402	380
374	344
376	333
382	389
440	350
414	336
408	414
344	339
452	342
396	428
447	335
334	371
351	417
410	371
411	358
343	449
441	404
426	342
343	405
437	444
358	440
413	367
389	442
399	410
388	359
422	369
369	434
458	415
347	358
359	395
362	344
425	456
376	432
353	346
364	439
350	373
457	382
410	371
362	415
436	451
399	398
432	411
343	460
415	349
418	347
348	363
366	407
413	455
398	363
393	447
420	448
449	372
356	373
437	377
392	348
431	347
421	397
373	414
410	451
440	367
386	413
393	431
459	365
387	456
344	441
445	377
341	408
388	453
413	353
440	363
461	408
362	353
341	443
385	412
407	371
419	450
348	384
365	429
406	420
444	403
411	395
347	352
432	461
402	421
407	417
397	378
447	410
457	369
407	346
391	395
423	381
356	420
442	391
455	445
392	353
384	385
377	453
424	434
375	404
359	391
372	390
359	453
389	349
456	364
403	368
361	379
411	417
374	413
380	383
402	440
348	381
433	397
373	417
457	436
431	457
452	456
463	418
382	414
397	449
417	461
379	370
354	393
459	405
358	371
388	430
383	379
456	419
376	376
427	374
423	352
398	438
435	386
354	365
374	353
354	387
425	431
392	354
457	352
458	389
401	452
444	441
442	418
422	371
465	395
413	448
392	438
375	474
384	364
414	464
469	380
393	405
449	453
411	417
393	359
440	447
386	461
393	401
437	472
403	452
364	385
414	459
462	470
417	359
363	369
417	393
434	404
411	470
368	430
383	365
405	394
431	375
359	440
374	393
406	459
357	425
370	393
480	477
463	379
471	448
378	477
413	375
361	448
357	453
397	437
445	468
413	419
357	415
437	422
382	408
452	440
397	477
414	366
428	424
459	442
476	463
482	434
365	436
379	369
429	467
416	467
427	390
471	390
456	381
361	451
366	422
421	413
458	398
481	473
421	446
391	366
367	442
409	382
463	442
412	362
432	367
466	451
377	389
485	420
365	441
464	401
368	398
478	401
471	397
418	448
442	439
383	405
480	484
373	385
452	422
457	365
412	399
383	431
378	424
474	475
481	440
421	440
428	421
466	428
448	457
413	477
443	369
457	392
371	389
388	460
374	415
396	373
445	383
487	400
386	427
490	483
477	490
394	395
409	394
425	422
487	478
372	484
385	483
393	410
408	459
376	414
468	482
469	411
466	431
404	413
480	463
429	459
482	477
475	419
469	484
389	382
412	436
454	440
442	439
389	389
404	456
431	445
467	490
396	407
488	437
436	484
394	447
393	430
405	475
394	414
441	493
461	454
465	465
390	477
484	463
483	468
393	463
484	404
441	436
413	478
374	486
457	389
447	488
441	375
426	425
396	382
377	390
54	54
12	82
80	5
88	26
16	25
79	29
7	96
32	47
81	118
120	28
83	123
19	42
7	82
13	121
18	42
108	98
26	122
43	72
99	7
89	76
3	105
52	97
113	99
102	35
6	42
58	103
12	17
45	78
99	33
96	80
19	109
101	96
108	55
69	38
107	106
26	28
28	7
40	80
76	124
38	15
94	67
82	81
130	7
40	27
17	64
24	79
102	107
92	28
106	32
56	89
39	34
130	48
52	32
72	105
121	32
83	71
76	10
33	60
41	63
47	26
123	69
53	99
30	83
115	101
131	125
14	83
82	19
89	117
126	132
38	27
120	120
83	110
76	15
121	60
110	24
92	47
121	99
106	39
33	108
78	16
126	70
119	127
51	66
84	121
127	83
38	109
80	80
130	118
82	16
115	101
49	80
68	77
134	123
88	107
115	52
112	53
24	59
106	124
51	32
128	103
40	86
139	100
25	100
112	72
62	111
78	82
31	57
135	67
53	67
73	90
19	20
77	63
92	76
87	100
47	94
41	42
134	125
21	99
41	133
57	142
134	103
127	56
83	79
26	40
45	137
59	61
103	71
99	118
32	133
127	53
82	130
93	41
49	121
58	76
106	63
113	31
118	56
95	34
142	38
27	111
98	50
97	88
108	87
139	59
119	28
129	95
36	136
49	50
42	118
26	45
60	27
80	118
137	145
109	80
133	82
88	26
83	34
97	118
107	55
96	91
135	32
97	115
32	36
118	104
127	109
114	146
129	34
81	116
116	33
65	52
85	127
112	123
115	131
35	140
82	129
57	139
62	81
73	105
134	40
66	116
145	42
81	136
85	88
149	141
62	150
143	135
150	48
136	62
58	138
60	117
52	87
94	132
74	146
103	143
67	144
99	59
84	86
67	152
76	121
96	71
131	137
98	145
31	127
50	87
60	80
142	94
102	92
76	51
49	124
100	145
94	40
41	57
85	66
70	143
105	61
154	41
90	59
74	114
63	49
96	79
133	106
120	71
62	82
144	137
117	130
129	47
58	65
154	140
86	56
67	73
43	65
157	118
77	41
97	48
81	45
146	130
121	143
152	158
103	94
98	142
116	83
83	114
66	45
125	146
124	107
56	158
46	161
130	118
128	46
74	67
55	71
143	151
91	101
88	153
106	95
53	93
75	66
145	56
96	55
79	159
54	43
117	140
132	162
142	74
113	61
92	94
156	141
64	143
119	100
103	127
64	109
140	100
106	91
42	159
121	77
123	103
159	124
127	82
160	122
94	132
85	73
113	71
74	64
166	108
110	96
127	62
144	121
100	68
78	152
58	77
145	69
53	116
54	142
151	78
96	67
134	79
151	66
75	73
144	96
151	141
153	61
52	130
150	134
167	62
65	45
102	161
148	65
81	83
116	169
89	112
51	129
123	168
134	59
159	95
109	116
90	150
151	167
86	134
146	142
112	80
89	119
168	59
54	53
101	67
68	69
121	84
112	95
129	95
133	166
75	97
172	77
149	129
115	147
156	113
110	122
174	106
130	151
76	104
117	143
114	162
100	69
56	106
66	107
65	126
115	66
139	106
82	133
87	81
108	52
73	83
114	62
174	76
53	160
131	108
78	130
171	108
139	84
77	81
168	144
125	140
173	132
123	83
118	148
153	88
92	163
122	83
169	152
139	113
57	103
170	57
105	89
114	79
158	96
157	71
62	159
114	74
173	86
142	69
116	135
160	178
72	71
169	110
94	120
90	180
164	109
160	97
149	142
89	116
139	171
119	64
93	124
69	149
77	69
76	126
138	81
64	86
127	148
177	92
172	109
112	131
108	132
64	165
62	108
87	97
182	145
112	149
181	109
150	126
155	106
131	171
185	63
99	177
107	182
135	145
80	78
80	173
134	111
113	159
144	81
149	112
166	86
112	100
66	131
72	92
112	104
81	101
182	150
174	148
118	175
135	101
108	110
165	109
74	185
122	139
80	148
100	116
169	159
76	110
115	178
66	166
127	147
145	70
127	73
187	136
141	154
113	82
153	136
121	112
89	175
68	173
160	142
185	121
186	158
139	189
142	122
114	85
153	171
155	164
138	188
120	113
89	158
115	93
123	174
104	146
173	99
96	113
166	189
122	162
120	181
80	86
132	168
102	98
148	72
133	129
168	91
156	174
109	116
93	148
124	115
150	189
89	101
162	125
150	140
165	167
179	94
80	123
144	93
121	125
197	73
139	104
106	135
93	124
79	143
119	187
171	155
175	91
187	149
90	143
132	178
103	125
186	153
126	184
87	127
176	78
164	136
162	155
188	113
149	82
100	109
112	135
186	133
146	99
145	153
167	99
197	195
135	131
159	148
78	105
183	128
180	86
139	153
158	84
161	85
176	119
169	118
114	127
153	163
144	165
111	103
130	184
119	201
178	121
185	92
140	104
195	156
94	127
148	159
124	138
120	127
170	188
126	141
87	140
174	151
90	149
118	116
200	139
158	150
186	114
191	177
111	109
182	202
113	197
160	94
204	136
126	94
163	191
122	183
115	145
188	116
130	196
173	146
134	85
114	156
132	113
123	144
174	122
179	208
125	124
121	204
193	113
92	173
170	97
139	105
150	182
92	151
168	124
107	88
185	116
185	128
155	178
164	187
205	118
136	104
194	169
130	102
87	138
93	99
151	203
150	103
142	198
139	170
188	109
100	178
107	200
93	184
98	134
90	130
123	209
158	139
92	163
176	124
153	148
194	134
132	178
184	213
102	184
130	189
105	148
100	161
173	210
118	208
212	206
181	140
141	114
139	113
95	168
119	195
153	191
189	98
119	149
189	108
174	206
122	136
142	165
146	122
108	128
170	215
142	167
147	100
173	136
176	135
196	171
116	119
112	210
127	166
147	175
156	165
125	218
180	191
124	174
114	99
184	151
130	218
188	149
211	127
156	189
152	176
100	188
172	140
103	218
101	201
134	146
165	194
112	167
156	163
164	194
98	219
203	199
112	149
100	120
107	134
139	220
210	135
107	144
108	159
202	148
220	125
123	198
205	203
106	113
114	136
146	222
216	130
161	211
120	170
158	125
225	164
161	163
145	206
185	164
198	121
211	214
212	180
188	170
144	176
103	145
183	162
106	215
183	203
169	214
113	151
152	198
170	137
166	184
197	135
161	139
189	158
170	190
200	114
121	211
123	161
229	195
169	222
135	117
171	135
176	185
109	179
150	170
221	125
186	191
122	139
225	205
123	168
149	225
128	140
147	169
215	109
133	133
212	229
211	168
205	231
207	182
184	208
162	138
197	152
192	145
179	112
198	129
174	150
198	171
214	165
179	142
120	143
170	152
223	177
164	229
205	186
140	137
134	141
224	218
115	165
221	132
134	226
204	214
152	210
197	217
196	202
215	177
148	218
222	167
214	202
190	158
193	179
143	185
174	173
127	196
230	147
155	230
190	198
143	126
164	218
121	155
218	157
154	128
216	196
191	143
186	177
135	206
153	228
131	133
146	165
182	219
139	144
168	156
178	212
166	118
168	121
200	192
143	175
137	177
153	197
139	186
139	204
186	192
171	202
141	237
167	195
141	138
134	198
193	185
163	236
212	162
199	165
127	167
127	122
170	122
132	235
215	169
146	149
229	219
232	130
230	231
148	237
147	128
235	181
175	238
213	141
177	240
122	149
150	167
232	234
156	213
156	133
233	149
187	200
223	162
174	146
157	156
124	144
222	226
242	167
233	242
186	201
123	159
152	198
217	183
205	171
206	133
190	222
159	176
142	203
241	195
176	233
224	218
219	153
149	137
196	202
219	146
184	150
153	157
183	215
141	169
144	218
226	134
193	189
134	146
204	169
166	217
146	235
143	168
153	165
148	207
250	244
196	229
157	252
172	158
242	216
166	249
214	163
176	217
203	216
143	177
177	170
161	186
142	155
190	225
157	196
202	171
191	242
185	174
165	153
198	188
252	214
205	222
255	182
211	200
175	144
221	141
199	156
182	243
207	241
136	149
155	221
162	180
241	134
203	187
173	157
194	193
183	249
218	208
181	144
257	210
249	170
195	236
239	166
257	226
221	212
206	217
248	182
141	245
153	247
201	136
249	258
181	138
239	196
138	210
154	198
219	197
162	202
195	202
242	201
189	231
175	161
208	241
214	151
178	201
195	225
159	231
173	223
142	145
206	249
183	200
167	259
231	223
188	239
208	205
199	258
154	196
212	222
175	226
166	141
198	206
180	246
219	227
199	198
193	152
198	157
215	241
160	155
190	178
254	167
162	246
229	258
200	265
209	149
177	207
249	217
240	153
142	264
208	163
217	218
174	236
196	145
255	267
164	184
184	250
181	199
151	220
205	144
170	191
263	180
162	219
233	238
219	222
175	156
218	258
214	256
259	213
230	221
266	260
223	188
218	201
238	236
219	149
155	251
265	259
204	179
192	183
150	155
228	234
177	162
191	211
243	170
230	266
222	147
231	219
236	179
211	157
209	249
269	178
198	207
271	254
269	182
227	208
197	199
234	266
243	208
173	153
198	188
162	246
246	192
258	158
185	224
270	189
237	189
157	237
258	250
191	196
185	232
180	152
181	230
190	190
229	165
227	268
221	173
243	226
172	164
211	250
165	257
258	173
221	192
171	234
185	185
154	242
267	230
253	240
245	243
173	232
209	241
246	178
159	157
157	240
241	225
257	269
180	159
256	173
218	175
175	272
160	266
241	240
201	216
188	191
243	280
177	187
214	161
172	253
168	183
218	159
277	236
182	172
225	245
192	248
273	227
161	161
256	221
202	188
200	278
159	263
278	249
194	175
265	262
254	185
223	271
177	231
188	257
253	225
278	164
244	275
270	272
201	191
269	185
219	226
220	269
212	205
271	272
193	165
167	225
201	228
166	196
188	278
254	207
224	280
193	198
272	176
182	261
189	212
230	172
193	163
192	286
224	233
178	190
264	169
233	238
250	222
281	271
287	166
180	177
250	201
253	225
166	199
249	284
232	219
166	189
181	274
279	186
276	168
254	226
285	208
269	170
261	258
265	177
175	198
202	276
218	215
252	207
215	197
284	198
195	238
174	275
256	268
190	268
176	232
202	176
247	179
222	282
223	272
258	198
267	268
202	258
217	272
230	208
269	221
291	169
290	232
253	180
257	274
243	216
268	238
252	263
244	277
241	227
284	274
243	228
273	183
247	176
179	204
252	200
292	243
211	247
180	295
176	206
204	242
235	221
271	205
253	263
229	290
257	193
191	246
259	197
197	270
275	202
296	280
200	271
208	175
216	213
252	246
272	210
242	251
206	241
270	237
298	290
190	204
234	216
265	190
252	270
224	251
185	218
212	296
238	239
276	295
282	221
292	263
232	250
241	208
231	301
248	197
272	246
228	199
187	264
273	213
213	199
282	285
221	195
261	198
296	300
242	192
287	207
185	283
199	279
301	229
260	200
265	276
281	287
282	301
234	229
218	261
220	218
252	291
250	225
217	228
215	200
278	254
274	214
284	205
271	230
292	277
215	243
294	221
260	213
277	204
195	206
276	269
265	209
197	290
194	207
222	239
305	202
198	186
239	246
298	226
267	264
297	220
265	264
221	231
224	246
291	226
194	295
265	203
235	278
274	301
262	200
226	282
293	194
205	299
196	274
219	231
300	305
214	293
247	294
240	239
300	225
255	194
197	194
277	275
299	241
277	239
312	290
215	225
193	212
300	223
291	283
279	192
230	216
255	210
242	267
293	242
302	211
190	218
311	190
209	300
199	254
227	249
269	256
229	283
204	246
213	252
298	208
306	241
295	274
247	194
313	259
278	280
194	234
219	257
241	304
203	217
206	243
238	301
307	256
271	197
251	317
251	250
294	299
251	265
260	288
312	273
269	251
290	196
232	211
236	213
293	233
245	269
217	218
282	195
195	295
260	203
204	223
292	314
225	250
227	282
225	251
226	248
212	304
283	304
239	264
235	299
264	302
290	199
277	267
253	228
297	230
259	277
233	304
318	222
255	238
225	232
219	283
302	309
247	267
243	214
302	311
294	205
253	215
296	251
242	313
292	264
229	300
230	282
209	252
224	305
282	248
220	289
316	213
291	300
205	256
281	311
245	210
213	278
248	326
289	301
227	281
283	210
299	319
212	284
254	313
285	325
221	298
314	206
296	208
215	285
299	306
251	268
255	282
306	240
235	322
212	295
220	305
253	274
225	269
255	259
321	280
284	279
329	328
290	324
325	303
207	247
283	280
274	210
300	264
236	319
236	310
299	322
209	330
289	249
257	298
287	220
311	264
289	225
307	238
311	226
291	327
275	217
288	217
302	293
315	280
238	271
224	311
234	228
235	255
264	216
217	261
241	241
217	244
334	262
304	332
286	310
309	258
335	288
309	302
322	302
300	218
267	326
223	285
222	265
213	225
309	262
303	276
223	263
300	279
272	302
213	302
267	256
241	330
278	295
337	267
236	296
329	273
290	276
294	314
324	259
283	328
229	243
316	323
215	314
300	247
265	234
236	231
238	280
264	328
329	280
293	312
254	271
332	260
236	225
307	307
220	325
332	336
293	324
282	250
295	248
290	239
317	262
242	267
332	294
330	262
292	230
220	309
329	230
287	340
232	248
255	258
242	225
280	333
321	289
232	294
281	280
336	238
340	253
271	311
309	225
283	336
222	228
280	289
246	297
325	278
240	322
329	254
304	259
284	269
306	282
269	284
270	287
284	327
233	257
324	251
330	234
273	325
242	257
262	336
242	344
345	224
229	302
296	296
262	325
343	280
304	299
286	224
331	274
229	305
272	307
313	344
255	346
307	347
262	279
255	255
280	293
318	287
253	291
268	253
280	239
307	296
242	241
341	305
244	251
248	334
252	239
281	255
345	232
343	303
245	239
230	283
235	306
338	254
305	296
256	232
246	234
303	307
250	349
314	307
248	249
292	237
306	310
292	261
257	283
286	344
235	325
273	319
353	271
230	350
337	292
261	233
337	348
301	276
276	307
344	285
344	264
248	336
246	332
346	347
301	319
262	238
310	284
352	322
248	312
303	274
296	313
263	320
234	346
352	350
238	254
303	300
238	339
259	313
304	341
316	339
250	357
312	282
303	250
240	357
303	329
255	262
340	330
248	346
256	314
348	333
320	317
289	283
317	314
349	237
302	311
313	330
292	262
345	355
305	361
340	298
353	325
249	318
307	278
261	314
266	255
314	327
316	311
290	328
290	351
311	362
323	250
306	239
262	312
271	263
336	288
302	316
273	261
254	339
363	246
242	277
362	249
360	279
361	335
245	253
352	241
261	332
311	350
299	298
295	304
272	363
279	281
281	269
345	314
301	283
295	320
274	273
348	246
285	304
333	284
259	314
255	248
344	306
321	278
270	311
364	296
360	335
366	263
367	256
289	301
276	356
336	329
348	282
361	269
343	294
285	262
361	342
294	351
351	345
294	254
273	312
370	276
353	255
301	317
285	315
315	368
347	362
276	257
303	354
280	286
282	305
270	271
278	268
307	268
362	343
371	291
325	274
253	352
356	295
300	331
251	287
341	355
329	339
351	303
281	250
292	345
296	351
340	322
257	317
351	276
297	362
361	325
317	323
251	341
302	360
288	312
374	333
362	305
301	337
284	344
346	375
362	257
259	357
318	311
277	349
269	283
374	368
361	271
336	260
337	284
258	362
369	337
317	358
346	374
273	370
369	319
261	372
362	300
355	263
343	307
299	364
298	342
349	258
293	347
272	347
291	347
259	273
337	298
258	340
300	291
377	258
323	375
290	354
354	328
379	291
342	378
308	284
326	289
285	278
331	305
317	374
316	266
313	354
339	305
373	317
348	330
340	262
303	313
286	317
280	296
310	362
383	308
363	265
311	307
355	366
377	329
264	271
306	323
300	269
313	355
351	276
361	324
362	369
328	302
309	315
308	307
285	297
332	366
325	296
354	268
296	265
301	320
319	359
265	337
280	367
347	305
319	333
353	337
277	359
350	376
273	292
334	320
375	301
280	334
356	324
299	346
277	287
355	362
338	272
273	340
339	366
299	350
290	302
285	352
375	282
372	348
380	338
270	388
363	346
369	332
322	283
375	302
292	376
355	323
328	278
337	380
328	321
348	311
284	319
287	388
370	338
324	362
328	328
351	299
334	349
294	295
363	291
360	290
337	307
393	369
364	376
292	375
273	370
304	302
333	350
393	379
276	283
370	369
305	361
368	385
394	366
318	352
354	362
272	315
366	307
348	390
286	315
348	367
302	387
334	321
282	367
326	343
330	383
357	376
390	343
281	340
313	326
329	368
288	289
362	366
285	327
277	326
298	374
293	300
370	298
349	367
372	303
300	335
297	375
293	345
354	355
391	346
320	295
298	390
306	300
361	304
338	335
362	277
356	321
360	345
371	291
282	337
345	287
357	294
323	361
366	391
378	309
399	337
295	394
394	365
378	368
279	309
296	289
374	392
329	382
364	366
297	315
294	330
335	288
368	312
318	336
363	364
288	373
375	295
386	377
382	285
287	314
353	333
399	363
293	288
321	375
385	300
295	361
365	360
298	290
303	297
359	379
375	358
334	311
391	341
389	364
303	337
363	300
395	353
360	351
343	385
400	384
339	320
382	394
303	342
328	364
292	299
388	388
399	363
371	353
301	339
292	347
306	360
402	369
312	394
378	346
298	382
351	322
347	395
320	326
408	374
406	290
337	368
308	323
355	324
317	342
309	296
354	370
391	316
351	383
388	339
311	315
333	403
349	413
375	394
390	382
290	407
402	311
306	304
364	378
387	367
398	294
312	411
330	346
302	295
397	360
361	394
391	347
388	416
398	331
407	333
326	377
344	337
385	321
336	342
303	293
303	414
298	356
405	402
365	294
337	308
351	364
406	334
333	296
327	309
311	352
408	415
411	412
384	371
322	311
387	332
313	329
319	348
335	304
415	379
407	353
302	355
299	403
388	399
357	333
376	381
342	320
303	345
340	329
300	419
309	352
336	361
378	402
321	322
304	318
337	352
410	320
379	400
415	371
410	363
366	406
337	346
352	356
370	423
383	341
385	411
344	373
341	379
399	362
402	347
339	406
311	415
315	360
400	383
313	395
379	364
397	353
340	390
381	382
423	304
312	307
425	365
368	322
369	367
362	322
327	427
316	378
374	323
308	355
393	376
409	332
369	404
370	426
371	370
374	404
382	403
366	418
341	396
349	383
382	419
405	374
380	327
404	331
361	355
371	422
428	414
343	310
375	378
348	338
330	420
309	335
395	339
380	417
347	355
392	329
417	335
408	344
385	399
406	427
357	336
352	333
346	332
405	406
353	374
345	354
382	348
375	352
348	405
428	338
390	382
374	411
340	392
383	337
376	417
377	326
406	310
321	334
417	410
385	376
427	398
408	401
320	422
401	399
416	321
391	421
383	373
373	420
367	386
375	420
417	325
391	394
401	373
333	389
385	408
326	403
356	362
353	338
354	335
349	356
402	400
418	416
330	341
369	376
371	322
413	352
345	400
357	327
359	410
348	429
431	380
422	377
431	366
412	390
418	431
439	366
334	355
422	420
368	316
355	400
348	405
354	341
400	432
345	420
361	363
430	411
414	409
344	341
384	376
409	346
387	348
435	427
373	401
363	388
335	403
352	354
408	420
385	324
405	324
337	382
405	412
352	383
392	359
444	326
336	444
344	436
326	438
352	412
354	386
423	396
366	360
332	381
432	400
438	417
334	336
372	415
401	421
357	343
426	414
394	365
408	325
380	342
397	346
423	351
366	445
358	338
407	348
424	376
375	331
381	385
423	369
351	335
336	439
335	384
418	402
339	393
347	379
361	382
416	370
365	385
370	448
361	390
371	447
392	329
350	371
364	397
440	402
375	352
337	335
383	355
342	390
327	434
449	383
372	340
328	349
413	367
337	337
343	377
336	339
411	357
386	371
329	446
343	332
362	367
387	349
427	442
403	448
418	454
383	367
436	331
444	334
392	368
425	391
367	433
395	395
359	368
439	413
411	401
372	354
448	445
339	430
348	400
332	430
420	356
411	358
384	450
359	420
450	347
435	380
362	434
409	413
392	394
334	385
392	375
395	366
415	427
436	340
406	434
350	428
430	393
411	414
377	447
375	351
429	345
418	380
374	339
423	395
439	455
353	339
414	338
426	398
402	455
389	432
438	383
407	368
399	354
407	422
448	436
356	410
421	339
451	373
342	441
358	345
458	443
348	370
366	419
424	344
401	407
339	445
462	404
452	388
463	406
401	448
347	384
344	347
450	380
429	374
400	388
364	364
366	429
399	416
415	464
365	448
402	356
364	459
447	343
368	388
461	355
348	353
395	384
463	445
454	376
402	466
356	380
452	384
364	366
368	451
449	386
352	345
453	442
388	389
347	366
423	465
453	418
413	441
385	456
363	391
424	422
435	370
426	372
398	442
422	444
362	348
427	428
382	371
368	395
368	375
432	378
394	393
416	422
396	400
380	383
426	408
431	396
370	407
396	458
450	365
421	364
358	381
382	438
384	399
468	465
392	458
391	355
459	383
463	394
420	385
423	445
400	431
462	473
387	390
427	396
416	473
451	383
469	398
457	449
431	352
363	387
434	415
472	442
374	365
460	433
421	394
401	449
427	435
387	417
447	395
394	413
431	453
389	396
388	396
473	397
461	467
372	374
384	362
398	475
439	442
447	381
398	416
434	395
469	413
466	397
417	466
388	432
362	375
386	420
466	369
400	372
429	375
367	392
365	413
445	398
357	479
438	373
461	363
437	448
418	400
400	471
452	451
362	433
380	377
377	360
463	455
364	418
471	433
391	467
454	467
417	457
387	375
399	440
404	418
446	417
452	386
389	464
425	385
446	367
438	373
387	438
450	470
431	460
475	473
424	394
434	424
417	444
394	465
369	388
428	394
479	405
451	401
366	393
382	403
413	460
395	419
479	390
483	485
426	416
452	466
448	487
454	416
382	449
430	469
368	446
408	394
442	488
434	371
383	405
403	423
417	430
435	488
366	458
454	430
404	449
416	452
403	472
468	456
415	413
485	472
464	465
435	369
415	419
390	380
391	382
372	375
408	490
386	401
427	407
448	483
405	371
430	387
430	424
458	487
387	450
373	423
482	383
381	452
376	375
416	474
448	459
400	455
431	493
442	406
378	442
403	484
492	474
441	391
400	478
432	461
448	452
418	433
393	479
386	459
428	473
484	479
434	423
403	402
473	374
421	427
480	423
416	389
439	494
374	404
460	444
465	457
452	484
413	463
463	404
491	414
447	445
388	496
446	427
471	451
457	493
425	457
391	464
448	491
459	496
35	124
6	89
8	73
22	68
103	52
63	119
53	107
13	104
80	32
80	84
5	40
20	123
42	117
68	87
83	68
80	36
21	99
38	61
111	97
42	21
93	78
24	123
71	60
112	77
45	52
126	100
18	81
74	114
63	112
57	13
41	41
55	101
57	103
73	105
53	96
37	54
19	41
125	65
34	20
127	80
82	53
54	73
93	106
17	74
114	99
71	118
118	52
60	87
95	45
63	61
122	24
92	37
10	12
12	45
68	115
111	96
112	52
12	53
115	89
109	84
76	89
106	46
25	71
34	49
80	20
114	130
57	117
57	46
55	110
128	37
87	30
80	80
25	98
122	34
46	42
128	76
18	119
74	97
122	27
66	122
128	41
102	61
22	71
20	58
21	128
59	120
130	106
107	76
53	71
51	76
92	18
41	102
57	95
111	32
86	106
50	80
90	30
69	113
101	120
77	65
89	80
36	98
82	82
52	112
43	130
108	103
41	25
113	33
113	31
23	23
77	71
129	62
49	103
33	49
92	27
123	84
77	140
90	36
62	115
86	131
30	81
135	97
120	85
137	137
63	69
19	138
88	118
48	84
73	130
73	36
61	99
47	76
68	121
118	76
90	99
119	70
66	132
37	77
136	87
96	86
71	37
113	114
60	141
23	64
140	77
69	71
73	118
99	23
51	107
102	28
31	123
124	103
107	71
114	109
36	37
98	106
57	34
33	147
30	143
38	29
93	135
106	79
66	46
138	33
97	115
104	121
82	94
140	35
34	93
30	97
100	95
85	36
79	46
61	105
73	66
30	77
116	123
148	146
129	131
65	107
76	44
56	45
151	140
28	104
88	30
73	99
59	141
85	49
126	95
137	135
126	141
114	140
129	50
131	53
80	64
137	56
137	145
66	126
147	36
32	68
97	124
75	66
117	121
112	142
52	41
126	52
122	154
90	143
82	85
79	75
48	141
77	77
119	35
142	59
60	57
110	69
90	63
97	90
117	51
104	51
62	47
118	148
135	111
97	71
154	53
121	73
112	106
91	111
93	108
69	153
60	83
41	148
80	69
44	81
127	52
135	52
83	66
126	132
59	61
63	71
117	98
61	112
78	132
150	103
74	100
59	112
134	140
81	59
130	128
41	78
52	40
160	54
63	116
78	128
76	79
52	80
92	110
72	109
45	90
78	52
142	77
69	109
128	75
129	88
62	124
94	108
149	76
51	101
155	88
82	64
150	149
135	114
104	80
78	141
130	106
151	85
83	53
146	117
66	146
67	57
86	148
48	73
81	118
144	144
73	72
90	90
51	85
62	84
151	90
147	160
92	133
105	58
70	165
50	49
136	146
124	87
78	65
52	156
118	53
92	109
96	113
115	166
167	104
73	145
65	97
46	105
115	74
67	81
124	116
163	159
68	51
137	152
144	129
74	154
128	145
105	109
107	92
80	168
84	52
122	79
154	124
79	60
130	168
117	50
101	143
49	102
59	83
115	162
85	121
66	76
90	121
101	65
161	170
91	155
91	172
133	81
115	96
79	52
150	168
154	106
93	162
54	168
88	173
60	80
142	145
153	149
151	64
147	115
89	119
106	171
73	140
157	73
120	96
56	146
159	53
152	118
103	170
174	142
147	75
92	65
160	82
122	117
76	61
167	169
118	58
138	69
71	145
70	61
170	146
132	62
136	131
81	61
133	73
94	101
132	156
86	156
141	74
168	177
108	149
69	129
177	110
121	130
124	116
165	131
103	135
122	68
129	66
107	76
173	161
122	93
126	65
99	94
89	163
66	95
121	162
149	137
73	73
168	72
131	106
162	119
153	177
154	174
94	176
70	154
95	108
159	113
103	84
84	74
138	91
117	80
155	108
141	99
103	138
123	102
136	91
116	177
138	95
66	82
151	137
128	133
90	149
76	104
157	118
119	132
73	120
121	78
138	82
71	128
182	127
142	125
125	160
106	116
79	91
94	187
120	104
170	79
117	136
118	110
132	95
186	80
150	153
141	96
108	79
115	125
126	140
171	95
126	131
92	171
82	175
74	103
78	91
140	76
152	149
97	98
171	159
97	83
180	110
158	177
117	90
140	164
106	114
96	168
69	177
158	156
136	131
187	86
92	163
150	190
82	128
106	172
156	119
191	152
162	113
157	161
149	113
127	137
112	150
156	116
193	124
184	159
191	153
114	133
87	132
106	186
130	150
147	76
195	86
87	167
182	180
89	103
77	175
144	190
94	141
155	164
102	152
155	145
138	111
83	90
132	170
140	178
199	143
165	106
128	114
194	174
98	87
139	87
155	163
88	196
119	162
194	99
98	141
137	76
78	127
88	185
134	84
177	169
100	95
105	166
192	137
144	97
136	133
138	90
154	162
91	117
191	150
183	157
186	194
160	88
114	160
127	80
179	110
161	124
86	195
140	121
101	184
120	108
137	185
131	107
163	81
202	168
104	120
147	82
92	173
119	167
175	131
102	85
164	126
83	83
149	124
164	172
138	121
96	134
89	134
109	197
176	198
107	123
194	149
171	192
197	146
104	140
132	84
124	151
205	137
132	169
105	114
201	133
179	185
109	175
184	130
141	181
194	91
117	154
129	156
141	128
129	122
113	167
181	115
102	145
195	164
158	136
87	188
97	128
101	162
184	128
164	87
160	112
126	117
206	210
106	203
136	116
126	185
186	160
140	101
108	157
163	180
146	194
189	156
108	181
107	99
165	154
193	119
164	169
212	164
186	162
193	205
91	135
194	162
190	100
152	190
154	91
141	183
105	114
147	160
156	97
206	184
210	204
137	106
189	193
98	180
181	123
98	174
140	133
160	197
135	133
166	212
116	148
204	186
115	121
175	121
109	114
97	137
177	185
127	187
198	133
209	127
119	158
191	114
212	126
137	105
151	204
203	115
206	115
155	116
143	181
199	204
216	97
211	152
183	182
150	143
113	154
127	186
131	156
213	205
182	100
144	136
112	220
151	181
202	158
126	106
160	210
139	216
207	133
161	107
182	188
168	196
143	139
157	151
122	117
117	135
167	181
129	138
175	112
218	157
110	171
204	210
148	177
202	129
165	152
217	184
207	130
160	215
131	112
147	206
221	200
201	215
224	210
158	135
223	189
161	154
210	138
211	132
139	116
225	163
182	220
195	151
141	171
168	196
191	178
224	118
167	200
150	158
217	112
121	183
210	143
181	211
146	158
151	130
176	175
162	133
178	218
122	163
136	164
154	152
120	135
197	207
206	167
222	128
201	157
229	125
167	209
213	143
168	131
178	186
158	184
230	198
111	193
184	109
205	151
112	165
224	224
220	228
146	181
232	204
229	137
171	142
117	112
132	157
156	214
219	210
232	148
216	166
112	233
208	229
206	124
228	205
159	175
130	155
204	170
180	121
173	196
160	192
133	159
234	142
179	197
143	161
217	127
182	172
133	124
163	136
237	210
194	123
204	153
184	119
124	118
158	163
210	185
157	126
195	127
126	226
201	146
189	180
165	156
211	167
143	167
216	136
191	125
167	158
165	234
195	134
208	196
181	229
217	190
235	194
187	170
145	117
199	214
199	154
234	201
176	171
221	146
167	182
205	165
153	242
199	170
218	224
123	159
148	155
188	191
232	207
192	138
189	236
195	227
238	162
185	136
166	181
175	203
185	123
163	231
156	196
170	174
243	207
239	159
236	215
194	158
182	123
175	181
192	238
173	178
128	213
186	133
203	128
206	125
193	235
201	123
234	214
148	242
192	138
133	214
184	142
240	151
154	141
210	244
148	208
179	126
144	151
133	209
224	216
218	154
156	146
145	132
231	137
212	137
183	156
233	198
228	179
151	211
248	220
237	240
151	249
182	130
226	190
129	171
234	187
163	211
158	186
212	153
135	236
131	139
202	233
135	131
217	171
132	169
245	242
215	235
220	231
220	207
241	135
254	229
234	234
168	146
253	246
250	200
244	176
229	221
190	217
189	230
230	173
208	214
163	211
201	177
162	203
214	207
137	235
220	256
177	191
188	144
227	189
137	216
221	247
138	240
149	141
247	252
249	233
218	138
224	239
187	150
208	195
172	204
257	207
211	209
213	142
200	168
141	156
201	153
189	249
210	162
163	198
190	248
222	189
204	222
217	172
234	158
186	198
184	189
190	160
230	205
207	170
164	173
149	152
184	212
230	171
218	207
199	246
239	207
165	255
205	163
158	143
262	200
220	157
199	148
141	174
238	249
172	152
158	241
234	173
228	242
162	264
203	251
182	214
169	250
171	145
218	152
218	141
230	233
213	249
201	182
223	171
197	254
226	202
155	234
210	224
142	161
228	151
240	161
240	172
182	217
190	210
175	235
182	237
251	190
240	204
173	165
144	176
148	205
205	146
209	230
149	261
211	171
189	221
220	265
214	175
182	165
234	252
215	206
201	231
207	261
215	265
214	163
173	244
189	238
192	156
179	252
195	155
269	245
194	166
174	237
213	270
214	148
220	231
230	158
189	183
166	207
218	192
188	157
155	170
239	247
188	162
225	260
170	177
198	273
190	197
251	267
194	152
174	150
224	253
190	181
258	245
201	217
232	169
156	156
154	222
203	269
203	176
220	191
214	165
191	243
226	265
225	252
195	232
186	181
154	226
259	229
177	264
230	155
275	235
209	223
157	168
179	158
243	262
187	271
196	196
179	190
178	210
160	155
234	237
252	270
181	156
181	258
246	165
159	232
204	261
215	161
162	192
180	156
205	173
260	232
164	180
169	201
245	182
232	261
229	206
184	244
226	238
208	280
196	250
279	191
158	191
214	214
183	231
281	255
189	264
200	195
203	232
225	169
225	212
205	217
205	283
201	169
211	225
175	187
243	262
215	283
174	204
226	199
161	214
280	210
195	185
162	195
185	194
246	235
207	203
189	233
284	279
169	183
218	190
231	238
183	253
275	274
198	275
214	277
273	201
274	200
253	234
266	251
200	201
263	238
284	191
181	178
195	269
257	250
191	221
241	207
258	211
201	230
252	264
194	250
286	189
271	168
183	242
192	214
241	260
268	208
180	271
261	223
209	223
249	189
280	240
198	170
176	227
207	211
268	175
272	288
182	192
192	289
279	227
176	256
189	256
215	261
280	172
193	251
210	285
251	227
227	259
183	224
183	203
172	249
189	173
185	286
184	224
176	244
270	228
295	294
200	223
273	277
183	236
183	178
190	224
199	225
275	272
224	211
259	195
233	219
238	287
273	273
210	202
272	260
180	267
278	289
241	279
270	233
185	195
296	188
264	273
250	294
237	181
182	240
253	186
298	259
214	242
221	213
207	239
296	183
231	245
230	230
296	216
264	196
260	205
273	234
215	257
227	202
225	263
184	238
277	245
198	210
187	210
198	216
287	229
223	217
270	220
252	251
209	242
283	213
230	185
265	208
207	261
205	183
278	282
189	272
258	229
260	216
241	223
302	287
256	211
223	180
226	230
223	290
207	265
228	244
191	291
210	265
267	186
253	277
275	266
233	296
289	264
280	231
229	225
259	222
305	258
244	305
228	274
247	284
306	195
288	242
236	189
247	296
306	231
220	209
258	185
194	284
238	254
271	299
199	299
299	293
232	284
238	187
250	186
233	257
265	286
281	270
201	221
294	191
293	265
289	283
274	281
205	279
279	301
258	256
221	289
302	206
195	245
