439	293
73	329
461	223
77	398
399	362
362	427
52	148
144	404
441	393
106	166
105	206
408	347
493	233
315	85
317	78
176	465
277	62
157	448
176	381
392	61
63	177
90	381
244	430
158	464
223	426
479	172
477	228
270	49
360	353
153	28
298	43
9	251
363	459
204	104
407	334
353	455
35	374
140	125
250	441
230	477
273	27
428	140
211	103
340	129
351	85
474	266
413	132
393	312
67	281
319	401
492	196
477	229
143	143
464	295
48	214
389	100
459	160
91	79
408	384
102	106
281	50
432	365
180	459
468	268
20	295
212	469
299	49
197	423
48	158
136	370
179	470
266	97
226	5
378	381
280	414
115	80
90	273
226	429
61	248
410	170
380	339
401	314
337	116
219	24
38	287
444	406
24	200
87	313
305	446
61	122
414	416
57	403
401	303
461	299
99	207
285	412
380	161
389	455
333	81
208	91
218	102
452	159
456	129
247	72
462	300
401	178
43	157
277	88
300	21
291	466
60	118
60	115
399	180
163	104
386	181
29	327
443	133
327	55
430	336
406	314
216	87
476	203
157	44
346	461
158	62
354	75
195	446
448	148
264	470
462	297
427	233
312	80
404	248
467	253
363	74
98	157
427	114
252	431
423	376
409	314
108	432
446	366
13	286
419	230
315	488
451	369
279	92
399	375
107	78
455	242
124	88
300	54
139	68
39	225
106	301
51	393
315	14
70	257
434	196
262	4
392	69
457	224
392	131
435	296
392	77
430	411
464	290
36	264
382	59
102	223
164	49
282	457
90	380
454	388
411	429
53	213
163	22
222	448
185	78
58	287
401	327
388	379
156	20
225	31
197	398
422	369
92	110
394	182
203	412
399	112
83	381
459	218
415	404
129	80
96	271
169	392
98	184
45	318
164	462
12	238
320	79
89	110
442	126
77	100
139	73
89	245
384	455
126	365
80	150
58	407
368	398
192	31
206	478
288	461
65	172
195	409
267	47
163	483
229	467
467	157
235	3
471	170
78	205
98	181
61	106
81	392
127	428
35	340
46	108
106	336
13	220
122	378
156	75
256	90
258	494
189	424
53	299
366	346
62	357
314	485
414	184
396	421
175	59
28	271
448	234
389	457
378	348
422	361
448	283
92	128
70	218
36	338
332	400
129	410
423	271
466	154
61	329
403	93
62	123
459	308
414	159
345	94
262	30
163	46
435	408
453	140
112	413
130	142
54	232
90	413
497	262
369	91
372	463
247	426
239	44
448	198
91	367
418	255
426	77
194	107
285	461
299	393
129	403
20	213
99	160
137	101
76	270
203	63
414	366
358	120
379	69
415	243
467	142
466	191
283	38
208	408
210	27
373	113
112	184
129	90
451	396
321	451
45	344
448	280
452	131
118	79
62	214
171	444
82	131
308	72
154	421
453	194
313	388
375	401
20	295
77	236
443	165
51	268
74	344
327	384
105	404
424	280
242	426
197	482
449	362
456	299
191	26
73	154
201	35
141	432
370	467
128	114
402	206
442	281
354	454
63	293
441	337
463	177
52	145
158	441
36	321
425	400
146	128
36	155
128	133
479	197
170	43
21	329
64	139
440	187
31	260
423	257
100	246
144	57
313	47
327	25
13	231
318	436
351	79
248	492
218	471
239	49
361	351
305	20
114	133
489	283
67	385
334	37
387	441
268	38
197	94
366	416
398	357
96	94
277	484
395	337
83	94
410	375
91	203
374	70
132	122
247	22
301	39
54	250
331	97
423	92
85	285
201	54
141	370
99	155
85	194
462	152
365	129
260	50
107	441
236	443
338	53
38	334
371	448
37	234
330	105
253	486
295	437
230	76
457	156
149	66
55	310
416	379
264	23
367	369
387	371
322	61
64	378
106	62
140	107
99	146
59	146
176	49
69	327
496	220
60	262
233	8
219	47
72	150
83	369
275	66
441	103
401	133
15	252
290	9
148	441
270	66
437	302
7	230
16	189
95	432
31	139
162	443
188	467
439	239
434	222
388	323
159	439
432	305
57	353
448	113
290	409
124	387
425	97
267	44
52	326
325	483
246	48
254	8
304	422
453	208
264	494
287	399
467	278
458	142
465	241
380	50
334	115
350	395
376	141
328	438
448	243
121	357
192	455
156	469
161	428
143	31
348	77
414	109
435	387
132	48
139	47
85	427
390	61
252	480
409	259
73	385
75	375
80	244
481	305
130	78
62	294
424	222
69	258
102	414
443	288
328	62
24	208
102	77
284	46
358	410
445	285
124	463
320	63
406	219
303	481
26	226
314	107
42	197
215	455
358	431
23	331
41	183
410	168
229	439
279	56
221	57
105	301
94	110
385	97
161	475
375	403
103	380
404	87
76	226
405	90
108	444
456	155
249	469
51	181
88	231
250	412
54	323
73	317
374	42
332	412
281	67
96	178
312	430
419	92
452	311
335	78
94	386
487	274
34	375
30	158
96	230
402	188
259	30
233	34
166	405
177	407
429	410
33	140
413	214
57	197
34	304
298	71
63	400
295	22
203	27
453	255
398	406
479	189
149	392
24	199
60	230
60	229
73	77
169	463
358	142
118	84
209	80
48	316
60	128
351	452
60	273
456	114
412	315
368	361
476	339
338	420
419	430
350	417
241	12
158	108
444	367
6	205
419	107
55	361
428	160
428	101
43	305
13	297
250	473
389	418
416	187
398	416
329	459
381	141
169	92
72	180
222	473
223	401
182	423
453	336
393	196
21	235
57	107
66	363
68	107
76	124
248	23
252	37
245	415
463	362
108	321
330	385
45	211
60	145
449	143
73	176
427	387
39	226
435	141
117	56
310	388
442	202
6	199
198	80
297	26
7	269
166	481
368	41
250	493
170	457
182	445
400	124
458	170
244	86
14	273
224	61
423	235
409	392
445	297
193	26
65	149
493	224
49	279
419	367
229	404
91	272
373	457
337	20
366	395
141	354
326	382
414	175
34	314
300	403
421	327
382	40
440	116
398	81
337	448
411	197
335	35
308	110
428	143
308	404
248	76
255	92
356	361
312	393
393	322
361	132
328	392
43	356
450	181
60	148
395	104
56	224
183	85
355	50
96	384
384	43
256	86
335	112
45	339
109	161
183	64
451	300
121	449
122	125
318	425
5	209
142	113
330	49
361	83
353	403
376	459
391	343
415	216
62	119
220	66
140	142
217	36
92	245
421	234
380	83
332	390
10	281
237	46
361	53
169	116
428	309
145	377
395	374
144	63
274	494
120	384
420	146
423	211
477	288
95	192
26	154
434	402
137	114
135	446
116	182
316	93
314	389
76	119
484	320
468	134
375	408
283	34
48	285
158	81
392	390
139	91
88	354
276	451
87	233
80	322
424	312
204	45
477	237
411	430
79	231
60	117
432	298
407	329
430	137
277	496
76	342
102	92
350	424
315	110
452	157
478	298
107	68
446	345
432	231
282	497
202	397
354	59
121	447
132	447
193	74
452	352
361	413
176	404
260	64
58	175
267	405
224	84
131	358
455	222
451	200
363	68
471	185
183	421
281	77
235	1
11	296
85	381
326	438
310	449
298	92
408	130
293	80
441	338
86	136
452	166
383	167
58	153
31	295
35	323
169	458
96	353
29	232
136	358
383	65
11	203
92	399
48	163
163	375
96	178
116	129
193	35
203	79
93	406
211	495
202	82
420	389
97	86
268	47
392	191
466	228
94	143
328	438
279	85
67	142
357	368
49	162
302	430
95	65
382	413
314	403
220	52
157	109
316	16
340	380
212	58
21	326
452	233
247	26
18	258
312	454
282	27
164	124
61	129
293	34
51	353
138	471
189	71
287	464
294	45
322	63
401	271
401	334
281	8
193	392
247	477
249	48
492	234
64	234
401	236
396	379
33	312
147	450
173	88
51	118
27	301
458	235
425	303
34	321
361	28
485	207
84	206
166	112
437	176
68	351
266	10
445	109
149	81
335	16
422	381
459	247
473	255
405	398
142	410
329	29
145	54
196	56
76	218
191	62
82	88
102	55
381	331
109	53
196	416
388	432
286	75
431	348
438	393
411	235
93	418
92	397
91	85
289	34
452	270
441	117
169	93
407	189
175	381
456	182
452	142
178	486
69	176
156	126
347	103
179	420
205	60
38	273
48	261
82	172
465	283
461	133
242	457
17	292
252	441
113	400
376	356
405	56
254	499
256	458
332	399
458	345
405	79
401	183
133	86
110	58
81	159
428	369
363	450
401	356
92	65
215	62
52	152
14	292
319	65
421	259
392	351
240	96
222	443
108	341
261	443
83	370
369	468
82	289
161	44
320	388
124	403
44	174
240	14
316	394
213	414
412	254
113	377
86	300
33	332
144	399
151	34
189	85
120	74
392	367
92	161
437	85
72	178
376	114
245	456
63	237
149	103
278	404
370	466
379	407
195	12
174	394
92	100
174	448
445	364
160	69
206	63
67	108
148	452
21	194
379	452
112	407
139	32
320	393
165	87
466	311
483	246
329	75
176	421
445	265
172	97
157	124
410	303
199	44
107	431
84	115
23	146
436	165
76	392
446	292
266	429
339	109
97	55
3	216
184	106
435	154
406	78
69	414
438	356
108	126
393	351
157	422
225	439
448	366
241	85
207	417
93	270
215	43
73	279
222	410
73	127
422	75
347	34
415	158
228	428
123	388
392	344
79	393
212	467
98	186
357	50
315	450
43	344
396	171
130	448
97	97
441	354
305	35
46	358
424	153
245	402
229	487
144	449
271	99
271	452
59	392
238	60
75	413
77	249
413	185
417	222
42	244
418	209
375	351
180	64
57	108
416	351
95	89
198	478
58	175
51	366
56	206
393	403
459	316
284	24
255	41
206	8
103	339
168	381
421	183
158	377
164	444
95	95
69	216
18	200
352	371
95	320
416	114
161	43
65	224
386	154
436	192
17	286
467	343
134	128
302	68
450	111
265	480
95	69
379	43
355	112
383	363
404	225
415	82
121	103
15	335
221	498
153	392
421	126
409	401
457	318
103	191
445	398
67	138
333	89
375	131
186	67
233	463
99	336
433	96
421	192
331	446
452	388
306	482
77	84
476	301
99	303
100	50
97	408
59	162
390	46
197	489
87	371
3	281
208	455
154	101
484	316
345	388
190	15
34	269
283	96
334	395
318	26
93	139
106	123
314	406
479	199
24	246
220	76
119	105
145	68
246	30
417	300
34	166
347	112
101	382
37	179
243	472
486	291
320	404
165	396
167	108
433	149
244	476
426	151
466	235
314	9
61	201
182	466
345	440
414	103
262	1
402	151
278	480
79	212
281	17
101	60
45	145
196	401
227	456
161	31
413	200
482	241
151	405
66	372
343	481
109	85
34	222
96	160
388	426
97	86
7	307
160	466
464	185
382	145
76	240
250	471
363	103
93	421
341	77
202	436
254	449
100	166
158	420
119	70
50	187
212	437
336	64
347	408
247	10
238	417
52	355
196	81
93	163
438	119
417	308
294	63
47	147
461	272
316	415
152	407
327	95
403	352
95	362
309	442
120	112
347	412
336	69
354	101
44	302
353	368
291	33
196	492
234	469
97	374
175	52
43	322
166	453
394	207
143	61
135	458
37	322
95	370
437	158
55	261
424	238
389	429
93	300
457	125
361	440
21	156
431	411
62	268
229	64
297	400
355	395
270	461
448	187
201	450
377	165
481	162
117	157
429	248
471	239
120	390
20	302
165	124
402	433
301	36
104	324
386	171
18	236
71	353
42	262
354	116
425	324
68	149
487	236
190	423
258	491
336	95
150	46
392	95
399	408
21	236
320	472
75	308
147	103
82	67
83	160
82	215
317	82
308	462
418	355
92	408
290	399
164	110
149	440
321	471
337	67
407	256
57	121
415	329
7	308
353	460
28	208
351	411
243	472
308	104
36	225
467	213
439	213
422	85
474	222
96	373
72	410
48	372
238	92
139	79
91	402
449	254
320	13
419	243
41	184
82	175
71	203
47	328
73	385
212	493
425	102
401	243
427	425
155	386
131	391
367	121
121	408
308	60
447	139
384	161
311	447
280	416
406	250
13	199
127	98
157	401
112	66
331	40
264	496
229	423
90	103
407	250
276	96
137	370
448	377
409	300
41	204
119	62
198	27
123	384
474	292
164	82
430	130
391	144
364	470
229	62
365	361
426	194
327	98
37	281
192	391
95	434
107	338
97	416
300	75
259	462
441	277
95	273
399	347
350	405
476	159
398	313
377	334
417	100
415	106
390	422
105	66
112	404
273	71
104	113
211	72
32	270
419	376
90	130
433	125
296	483
263	94
175	449
236	55
361	469
387	409
79	191
409	268
257	448
422	113
440	187
248	401
25	162
284	25
240	433
185	89
463	282
88	89
158	370
76	271
300	466
15	291
260	4
422	75
463	153
463	263
333	411
406	294
366	395
44	280
178	111
121	124
466	185
297	64
414	139
485	268
39	129
217	75
362	140
294	58
364	148
360	437
223	495
491	211
223	66
226	462
240	464
197	6
416	203
190	443
84	354
456	300
328	16
330	73
36	379
300	482
71	320
47	291
329	32
59	178
56	228
407	392
73	147
83	245
99	158
31	202
110	116
428	235
322	114
364	121
17	276
144	380
437	224
302	91
362	71
364	112
50	378
50	305
118	45
389	416
159	36
357	72
22	268
393	121
111	408
51	357
403	382
467	295
434	117
358	39
445	305
315	473
397	439
73	147
280	59
389	93
285	493
67	231
332	16
337	473
498	279
405	341
211	92
386	451
82	137
442	120
150	403
345	31
392	170
100	346
478	218
355	383
76	159
317	387
214	69
469	240
255	55
94	392
25	284
406	360
362	444
16	302
24	147
393	446
477	217
221	421
76	402
343	19
316	39
384	89
70	89
88	397
52	197
112	315
348	24
229	488
212	406
23	282
283	13
120	426
82	231
263	48
403	185
106	446
320	420
94	153
318	485
438	143
36	230
47	355
55	134
353	382
361	72
37	355
29	163
157	25
318	414
134	143
127	433
303	479
329	468
335	75
361	396
435	175
474	294
207	20
157	475
390	150
37	373
426	230
491	232
127	397
201	486
108	112
400	421
433	230
389	191
71	102
352	46
234	445
264	38
411	356
281	469
98	309
60	380
431	229
407	154
420	142
292	24
439	281
52	120
458	330
219	80
458	194
396	410
118	395
241	47
313	69
118	99
114	78
381	165
41	194
174	70
173	487
388	79
490	264
105	393
399	322
404	136
336	380
278	6
48	106
154	424
37	122
62	102
410	281
493	304
214	57
309	76
82	102
206	402
107	383
188	426
380	350
107	421
258	422
454	379
353	90
405	190
88	386
17	335
243	434
21	334
229	73
49	201
322	453
180	409
385	378
175	21
449	147
237	402
129	386
82	162
461	336
69	253
373	67
477	174
64	332
146	469
113	144
9	226
398	200
316	389
317	113
138	380
153	373
223	49
149	78
178	90
464	306
34	297
468	184
73	147
250	5
97	196
235	426
271	477
281	38
405	144
204	452
181	414
364	382
451	292
473	301
323	410
274	497
456	380
402	343
251	38
237	407
19	226
144	42
405	432
447	333
377	148
147	115
322	415
24	203
172	475
420	80
137	78
97	79
448	218
429	160
129	126
464	201
98	365
470	148
100	274
473	263
178	79
449	226
346	38
381	436
406	150
36	329
123	392
162	38
332	76
369	419
70	287
343	476
166	55
398	180
97	352
442	157
427	313
114	49
377	338
417	374
434	306
184	396
384	341
179	104
153	125
197	14
105	162
28	140
222	460
357	45
256	36
163	47
134	445
353	473
432	310
95	311
97	406
433	149
289	470
427	85
293	495
78	278
259	98
417	217
346	372
347	104
394	437
296	406
452	116
411	389
150	29
386	390
210	98
477	174
343	98
454	359
371	85
343	462
394	106
58	186
489	264
41	246
240	471
45	363
87	61
245	80
179	394
152	414
320	79
386	422
138	88
139	29
438	410
156	130
453	181
309	24
175	28
216	435
133	385
349	106
108	111
92	242
169	97
187	75
122	415
150	116
191	400
488	294
150	426
453	316
386	383
444	204
254	452
288	71
98	187
123	462
400	357
359	394
235	462
419	426
366	460
103	184
435	347
26	360
35	283
460	318
130	48
81	406
451	159
165	105
480	250
175	51
409	358
391	348
63	114
184	73
194	18
240	446
89	284
477	223
246	60
384	341
13	172
156	372
409	117
207	417
201	417
335	32
70	133
87	363
402	154
362	114
265	427
375	401
95	203
387	96
12	257
50	309
228	463
409	249
144	109
433	187
260	419
137	447
380	358
391	378
324	19
143	452
482	176
387	372
88	427
121	87
88	308
194	80
218	100
451	175
119	368
6	260
379	136
85	273
86	202
401	294
349	50
494	208
394	177
18	339
216	397
298	49
170	426
74	363
405	279
401	167
253	422
451	363
24	260
448	212
37	190
401	145
199	466
289	425
42	312
50	191
123	54
238	491
66	340
243	408
124	369
341	61
491	293
233	460
350	407
315	34
450	338
303	482
364	53
71	129
84	397
347	55
386	75
161	83
183	452
128	364
56	124
18	319
178	413
256	30
117	56
104	335
160	463
33	195
264	11
446	171
480	346
344	453
392	140
439	259
102	286
433	377
86	394
429	83
478	199
239	9
89	127
480	209
279	79
492	230
97	60
350	474
313	470
230	454
479	279
20	207
302	58
381	344
400	166
426	130
125	393
377	154
274	19
473	137
5	270
30	353
449	196
145	454
3	218
495	240
216	485
40	231
340	94
387	403
62	334
341	439
47	340
91	346
363	113
84	166
202	79
177	47
469	272
409	166
2	273
81	184
416	205
368	50
387	57
113	335
10	194
268	439
385	131
423	379
463	248
221	487
367	451
227	498
286	53
322	46
249	446
416	163
281	455
444	228
228	33
374	339
278	28
242	25
258	454
308	86
427	133
418	126
268	16
69	280
446	405
454	317
312	90
442	283
448	203
348	365
27	218
444	148
372	117
388	385
256	465
436	228
408	161
340	58
312	106
348	416
348	96
381	112
75	217
465	300
101	165
65	261
81	343
267	94
302	9
62	408
319	400
272	480
357	44
222	413
359	139
42	371
392	95
409	322
490	231
424	88
343	71
375	130
482	251
172	38
458	321
277	479
68	388
109	70
71	283
352	404
104	355
145	133
203	457
279	15
73	389
85	145
70	243
447	192
54	316
335	426
450	328
185	50
95	148
335	389
389	99
315	466
252	54
471	362
461	148
299	450
311	388
67	264
201	440
237	75
443	356
102	151
72	345
314	397
306	85
320	96
337	430
177	478
37	325
223	413
483	230
22	157
74	142
231	448
368	411
363	116
473	198
405	89
461	361
348	61
107	403
399	393
154	33
299	103
28	249
432	96
292	428
122	462
108	344
216	61
276	74
353	75
354	374
157	385
360	436
390	47
283	443
448	224
316	452
394	446
230	33
87	165
60	268
82	114
408	350
105	51
483	177
142	463
258	90
164	423
426	99
66	374
109	347
403	212
207	441
104	402
302	420
38	341
240	9
293	57
401	174
385	340
164	70
161	450
384	455
38	254
483	326
311	76
372	445
453	241
288	429
249	438
429	250
111	335
167	470
352	39
338	68
209	76
378	113
184	92
154	97
30	310
164	105
433	217
396	320
332	65
108	349
262	430
133	454
391	61
69	331
184	424
374	103
121	400
439	187
208	425
138	371
477	341
344	474
155	413
458	330
356	54
209	24
196	101
123	166
74	84
297	52
174	18
118	140
189	426
396	425
289	64
38	233
247	94
267	481
99	392
326	83
364	393
215	462
381	112
97	258
364	425
360	439
302	21
143	119
447	398
471	198
140	90
402	165
435	391
127	438
102	421
362	77
437	127
350	103
345	58
253	98
466	239
279	13
235	31
62	111
328	424
237	27
102	200
47	336
363	93
230	38
330	478
381	349
176	44
139	141
337	98
462	188
166	446
455	393
461	361
75	332
431	137
451	204
352	424
9	188
203	484
287	69
423	285
41	117
431	144
425	263
282	94
396	169
112	320
324	71
96	402
126	463
442	328
385	349
133	450
354	384
309	39
279	432
339	126
137	448
415	257
342	99
438	336
78	380
319	416
183	486
405	142
66	232
50	218
187	95
128	92
120	165
16	264
258	32
167	393
438	288
277	19
371	354
398	195
397	160
180	435
81	378
32	361
401	96
442	341
394	96
206	56
84	298
396	113
340	123
346	118
455	253
108	390
336	410
409	61
420	236
144	392
154	102
380	435
316	26
323	99
148	35
192	414
313	470
377	55
317	428
199	459
343	77
186	473
269	418
26	247
39	303
56	402
64	205
276	84
246	484
253	443
244	10
86	136
240	45
425	150
118	400
400	103
54	250
356	390
388	391
18	320
417	418
174	402
405	145
371	85
388	51
75	391
265	430
378	442
150	31
270	414
426	414
282	442
472	278
323	49
377	64
201	105
150	105
60	323
407	330
254	21
116	431
473	287
124	336
349	470
149	85
483	188
323	14
271	450
354	393
203	476
74	129
144	41
134	94
346	117
369	51
129	116
260	488
344	72
464	199
89	342
370	367
80	80
328	24
395	410
257	451
38	328
125	59
445	236
402	379
202	438
412	389
349	126
178	388
150	33
342	471
367	367
117	113
173	20
251	446
346	85
164	456
475	200
197	25
425	172
316	455
364	93
471	172
295	38
270	421
348	126
340	441
443	388
477	304
424	141
358	140
143	50
376	421
184	448
122	123
78	216
315	110
387	420
283	477
169	377
360	101
426	309
403	327
256	88
443	266
348	108
242	483
103	353
121	401
66	108
413	306
435	264
406	193
190	471
255	89
476	311
354	125
41	264
301	449
429	76
452	345
444	230
414	169
386	411
334	390
151	397
85	270
212	82
192	477
408	312
14	277
203	488
69	109
94	391
197	26
100	204
100	102
394	443
248	418
470	242
47	392
252	71
50	389
39	155
74	148
222	9
430	298
96	182
353	385
196	84
280	85
401	340
478	253
464	170
88	203
419	121
385	124
17	251
9	201
177	436
119	121
407	289
74	427
211	482
498	262
434	310
481	265
52	378
363	81
435	172
492	237
389	64
32	370
235	420
194	61
7	232
362	402
116	175
92	317
77	365
267	496
311	399
352	69
221	25
250	84
184	450
243	38
260	91
236	58
290	395
386	114
71	279
124	90
78	145
65	321
442	370
89	215
469	369
6	264
271	474
51	127
405	135
482	218
357	420
155	40
393	189
78	248
413	86
353	375
439	112
256	462
467	340
162	67
424	293
156	45
45	306
456	351
38	132
362	100
445	228
401	364
425	108
444	122
292	63
210	417
11	285
375	369
101	297
234	452
405	390
333	69
51	230
99	222
169	102
266	437
371	389
253	54
366	374
433	313
221	418
334	433
374	423
216	55
407	373
52	352
284	430
158	465
315	409
223	10
43	191
102	67
74	321
263	12
373	374
263	466
398	374
276	433
92	105
353	66
81	405
127	119
353	132
379	73
493	284
56	358
393	198
260	493
383	332
104	98
201	49
201	495
194	407
151	123
231	411
91	177
196	395
306	25
338	439
222	434
398	171
351	391
35	347
92	380
361	147
206	42
71	338
306	41
195	441
412	295
323	408
84	204
481	275
436	121
227	478
488	214
18	182
103	360
161	91
394	396
423	112
366	73
413	129
67	106
401	302
420	270
233	418
322	478
184	413
310	459
146	426
422	275
439	248
15	210
77	301
95	287
367	404
50	245
361	462
302	422
170	35
410	121
207	72
85	259
212	74
95	212
245	425
241	454
227	29
96	432
442	379
296	68
433	404
74	394
245	28
174	49
52	337
71	304
317	77
360	429
287	98
336	480
455	303
365	461
280	65
390	112
275	460
73	279
152	37
98	228
389	408
124	418
283	32
156	383
212	64
54	130
370	466
308	482
360	432
266	401
394	409
416	84
412	214
45	160
429	355
259	98
121	112
379	110
146	103
433	286
318	19
179	48
426	90
242	31
258	82
95	80
241	434
188	59
124	379
104	106
418	229
194	12
257	459
247	417
298	53
121	380
485	169
58	353
351	79
96	243
38	250
445	393
239	416
89	329
244	69
478	332
143	359
119	393
92	255
99	421
453	133
50	250
177	17
97	125
123	440
128	135
71	298
167	481
72	302
387	410
224	98
66	177
78	209
246	440
392	361
197	430
149	69
401	253
466	304
284	431
305	458
298	491
448	367
347	53
84	164
352	462
296	393
361	368
199	80
266	457
384	396
356	387
425	129
33	272
218	84
222	69
426	120
87	266
107	145
196	439
343	36
66	260
383	380
411	324
225	468
187	490
97	347
108	384
87	225
466	286
244	12
56	390
293	455
412	356
99	64
375	85
196	486
243	432
430	295
136	107
478	149
406	263
275	48
66	211
25	152
315	435
161	24
308	411
251	88
442	225
112	61
331	21
31	245
167	389
150	412
366	355
89	73
62	382
396	343
157	131
362	471
450	184
148	403
211	486
58	109
335	423
371	375
38	381
428	397
4	280
369	66
11	322
127	136
243	8
405	239
309	80
363	150
435	206
363	58
436	297
306	453
271	89
253	428
85	77
434	162
134	37
33	174
470	155
395	345
80	113
402	420
26	351
485	276
447	278
391	428
156	105
137	32
138	351
122	332
95	392
312	426
406	303
366	445
298	73
170	417
19	336
137	384
235	34
498	268
469	137
66	366
6	246
290	440
76	360
391	430
172	395
258	405
382	428
160	22
54	379
97	378
144	35
212	461
135	352
251	442
439	406
10	293
444	206
52	338
359	30
227	69
217	497
25	312
176	471
335	434
123	143
65	123
93	148
462	178
434	348
240	454
61	184
4	224
400	97
324	79
258	410
436	282
379	168
274	466
125	370
342	106
441	392
219	58
405	120
492	193
337	24
277	47
134	107
416	345
114	326
485	258
125	59
78	306
2	275
282	417
150	100
422	96
394	320
361	70
60	398
182	399
413	140
92	396
420	360
436	283
405	95
97	286
8	255
443	221
244	85
150	56
22	244
49	324
382	353
381	349
337	376
92	328
94	175
109	162
402	100
332	402
373	124
318	404
138	440
77	118
40	382
410	434
455	380
27	314
90	144
89	340
399	378
119	67
404	361
109	442
153	405
197	411
233	484
469	202
420	343
46	346
375	433
272	62
484	277
411	207
359	414
154	457
71	255
415	229
229	442
260	81
461	354
134	394
267	459
46	298
313	437
84	185
95	194
274	45
431	289
55	339
82	248
410	439
59	244
384	67
45	222
251	490
55	366
454	116
42	189
421	349
357	441
269	22
326	448
201	95
401	288
18	321
101	351
464	131
244	477
412	349
242	445
362	33
468	141
418	278
195	32
418	278
45	305
151	429
33	307
137	400
269	489
405	393
74	246
6	253
467	341
101	160
474	350
345	473
348	397
408	392
477	217
220	76
68	132
295	65
53	226
40	324
459	163
461	272
287	404
423	355
234	430
256	484
67	364
320	108
388	88
92	76
131	68
434	348
197	442
327	27
434	410
343	479
115	389
419	66
105	182
243	9
355	106
484	165
31	198
38	161
127	145
314	491
400	356
439	229
242	475
249	70
13	225
166	46
135	359
313	397
84	304
380	148
429	202
17	307
53	158
476	322
428	354
11	316
176	448
300	461
64	240
317	445
273	492
414	325
54	403
440	176
482	165
263	471
460	226
347	472
394	387
85	319
120	366
28	239
349	101
452	138
156	78
397	108
392	355
204	406
285	474
456	299
140	117
486	268
203	478
95	385
278	15
447	162
19	316
445	293
102	438
436	360
67	297
365	44
394	125
214	410
449	102
337	455
152	438
205	29
325	54
64	228
55	312
446	376
356	374
456	146
366	117
496	211
378	133
295	431
96	132
234	37
357	383
438	374
421	418
209	77
452	167
353	441
84	302
389	153
451	188
245	7
82	410
301	484
232	54
143	381
403	423
459	168
327	84
166	107
239	18
274	40
300	433
274	464
205	468
79	121
385	321
9	249
299	394
60	347
388	420
26	263
406	292
437	384
79	409
417	411
283	450
309	415
220	70
410	112
249	41
357	380
206	102
210	7
318	46
431	278
242	97
477	157
34	232
470	195
368	376
341	472
250	488
446	290
110	413
406	62
56	367
43	192
116	51
355	470
385	424
57	170
142	58
147	53
47	118
278	76
412	322
231	440
107	79
89	202
180	117
345	432
478	340
399	313
158	409
135	84
132	115
139	461
437	289
146	409
184	387
372	387
173	76
234	483
254	401
355	423
319	15
35	340
195	53
131	87
124	83
123	170
183	448
195	411
54	254
169	119
176	55
193	54
38	150
487	262
145	25
238	439
493	224
204	103
66	271
100	52
224	90
407	379
395	413
57	148
118	111
425	245
120	37
117	353
358	115
42	124
465	216
391	434
428	176
404	264
298	399
344	74
131	50
179	401
99	199
318	425
420	241
483	327
140	416
356	413
380	444
403	397
275	20
463	235
458	224
465	197
165	75
431	257
98	192
113	179
303	481
393	450
279	422
324	108
365	131
421	313
147	454
305	427
185	421
226	12
323	77
264	71
116	402
68	341
58	101
120	381
115	117
348	433
384	334
178	435
275	410
54	193
235	433
338	49
300	15
324	482
52	396
67	337
424	116
105	363
443	382
108	141
200	494
471	272
149	388
25	301
208	431
126	88
126	405
401	255
160	66
31	353
368	57
417	210
244	452
130	62
74	82
50	291
290	442
273	29
412	219
384	430
454	229
463	364
78	79
13	295
421	139
288	460
426	162
429	406
250	51
409	176
339	114
187	477
62	151
446	267
453	191
407	406
127	117
431	289
425	188
349	126
370	56
430	172
243	51
417	225
378	148
70	251
153	373
78	83
184	37
457	373
58	174
140	352
228	5
191	414
91	285
230	8
446	224
406	112
81	291
73	160
419	315
366	360
294	461
318	83
200	408
118	353
440	356
59	274
379	115
260	1
118	44
91	338
219	422
65	239
200	415
419	175
68	105
47	130
282	5
212	34
147	127
149	44
57	140
359	136
139	368
245	472
407	410
82	324
405	293
438	340
147	437
339	39
127	445
84	90
25	285
398	302
159	377
12	231
241	85
36	182
477	222
185	88
257	498
67	387
424	320
334	416
77	264
325	404
392	127
91	138
433	265
498	235
299	24
121	413
57	205
109	321
286	53
159	446
292	493
88	284
91	252
159	373
340	407
429	118
470	228
401	301
336	40
413	244
425	146
401	277
176	64
411	424
169	116
130	468
213	416
111	175
53	121
426	300
199	392
477	262
249	8
399	317
291	470
92	388
253	436
419	385
37	320
459	204
33	294
127	56
57	330
308	410
371	65
304	90
163	78
259	473
208	47
348	408
370	380
476	199
418	294
156	116
432	156
467	282
73	305
401	245
438	175
272	43
238	97
152	451
274	11
74	298
225	493
374	148
418	377
444	348
301	481
286	47
422	431
63	150
189	63
281	476
104	114
195	101
468	331
131	106
130	52
121	61
89	338
398	400
360	81
340	104
405	148
133	74
266	481
405	361
413	154
75	336
378	422
333	406
222	432
460	193
31	275
36	223
162	115
379	150
244	417
490	299
90	96
193	434
147	416
284	485
440	337
196	71
432	249
465	347
398	177
493	233
430	389
32	134
39	276
418	292
375	102
96	316
441	95
18	221
94	331
35	261
14	233
393	368
173	86
432	335
133	41
90	111
374	466
188	406
414	383
49	196
390	64
415	288
327	53
250	491
414	431
73	344
397	172
427	120
112	156
443	371
334	65
177	412
369	360
84	70
201	25
462	134
103	108
72	422
88	347
475	316
480	236
286	429
415	236
222	489
258	73
322	52
171	35
475	353
154	453
394	196
360	382
472	320
53	203
294	494
369	63
56	340
39	362
388	83
391	356
108	412
482	254
30	200
150	419
489	245
311	398
117	76
445	111
81	226
409	394
199	471
391	342
102	419
191	398
138	145
303	433
286	426
313	30
334	77
52	251
148	388
209	474
438	188
92	272
434	93
88	70
40	349
429	415
69	181
356	451
68	241
238	450
30	194
289	487
136	71
451	387
163	54
287	459
261	61
364	102
401	331
403	220
225	455
24	150
155	127
42	241
67	318
78	193
252	63
310	481
55	143
425	165
251	481
278	408
290	494
305	429
67	373
426	239
229	475
196	71
206	468
402	357
140	357
251	451
472	352
42	246
100	440
437	132
347	464
283	9
275	493
226	88
411	380
428	110
82	77
297	422
81	307
81	299
285	450
326	455
178	78
457	380
245	409
290	39
97	83
297	57
296	67
17	252
426	357
96	368
165	453
17	279
435	376
397	97
384	65
450	282
418	180
319	416
177	99
239	44
353	416
78	215
246	99
277	409
75	193
145	417
81	335
297	467
422	294
167	94
144	51
333	407
470	141
48	392
302	6
300	462
192	66
409	322
115	150
82	337
20	257
202	450
85	413
290	407
69	212
284	27
295	77
87	420
390	76
150	92
277	9
487	293
242	415
426	314
113	442
105	106
149	41
482	250
168	461
425	89
98	80
131	395
93	379
239	459
254	72
295	477
365	43
42	265
177	414
21	156
254	69
99	245
226	483
448	243
201	50
440	362
79	170
77	399
151	458
334	68
414	76
51	353
36	242
440	232
208	413
352	421
66	219
112	97
18	262
99	183
257	11
80	332
494	239
300	420
191	57
388	348
81	315
100	327
312	409
234	437
72	125
154	421
38	365
23	150
283	51
326	98
395	191
212	489
469	334
393	52
96	125
366	54
348	460
395	352
83	323
439	103
286	3
186	20
195	443
60	211
103	449
138	416
183	447
342	90
129	69
99	316
362	85
309	46
400	109
478	243
265	406
285	61
339	452
354	394
57	389
329	64
353	137
270	427
286	418
34	355
439	331
398	67
187	45
383	370
382	367
285	73
395	76
125	39
428	351
21	281
428	399
159	84
87	179
461	209
159	462
30	349
141	116
33	227
451	251
265	427
194	21
236	436
275	17
430	96
222	76
438	296
122	81
118	174
128	402
124	387
181	468
245	493
217	63
425	258
376	372
144	128
91	312
424	245
230	447
293	64
159	465
369	151
38	294
37	186
358	468
460	115
382	171
324	448
59	121
422	373
20	183
366	424
206	94
340	380
150	25
143	429
338	91
447	284
402	154
328	72
76	176
124	100
182	101
104	398
435	328
17	198
282	451
304	455
67	299
404	303
144	60
449	393
436	101
202	478
371	95
74	176
323	428
419	405
317	452
469	169
447	136
347	424
89	225
212	427
448	359
323	477
101	155
137	111
110	411
102	160
39	217
117	360
104	334
168	467
405	253
84	317
256	19
410	134
355	115
47	278
493	299
379	406
421	360
98	371
149	386
407	97
348	374
19	171
190	442
168	107
330	101
232	23
242	75
331	62
87	369
441	250
310	83
57	281
154	437
20	325
6	234
312	402
269	434
135	104
9	210
340	438
30	162
174	466
37	169
22	303
403	137
402	204
102	362
467	137
157	420
412	213
26	186
103	349
314	438
57	247
269	71
61	297
283	33
119	136
176	69
48	375
446	239
62	334
193	419
101	421
186	49
341	56
250	403
382	157
286	93
414	217
247	427
485	272
294	407
146	24
154	474
232	453
40	315
358	436
129	74
263	409
287	434
438	91
315	41
46	381
338	410
146	36
451	386
492	277
95	333
373	414
370	120
211	478
130	77
201	54
371	64
476	217
92	99
214	482
70	247
154	447
41	382
137	416
351	385
125	64
43	158
330	97
269	434
52	196
399	293
463	319
92	435
325	422
414	438
235	417
61	376
23	343
102	71
411	247
433	205
223	59
415	150
431	233
339	394
169	476
366	41
99	406
66	364
129	361
69	363
310	399
420	347
360	43
264	429
74	426
413	114
376	413
281	72
63	262
411	138
256	84
188	409
254	91
404	436
411	216
317	401
444	157
116	146
54	100
384	73
473	164
349	50
108	88
173	456
140	389
279	488
200	411
355	381
234	77
426	203
150	366
295	471
214	495
81	244
158	20
485	334
413	169
261	39
145	450
304	438
121	380
341	74
469	310
245	75
349	387
139	86
416	72
335	434
448	192
129	398
61	337
238	432
304	473
74	254
496	281
170	123
293	432
68	118
286	427
282	436
359	361
165	68
486	329
464	174
313	46
434	192
117	450
245	78
474	165
67	118
289	38
71	224
171	401
134	379
397	168
125	49
411	149
122	429
87	401
347	131
215	468
401	292
348	395
444	102
69	258
368	117
390	331
137	375
83	130
61	280
415	275
154	389
99	302
461	146
386	331
79	387
298	51
270	94
472	305
438	331
386	408
419	420
130	51
139	430
443	273
57	133
471	343
472	184
404	341
444	303
192	15
66	147
140	469
436	184
102	291
397	154
307	463
153	37
390	191
262	8
466	270
457	387
51	254
105	435
266	54
82	167
68	378
378	434
225	446
462	241
162	78
110	310
32	147
21	242
421	317
351	411
41	118
200	401
278	425
208	38
267	60
359	362
320	440
45	381
203	47
414	222
39	221
91	385
71	262
248	28
91	174
226	98
473	327
277	38
480	298
481	172
402	411
108	187
282	420
406	124
21	330
390	80
175	399
418	103
160	73
409	141
384	432
366	426
381	389
403	121
422	218
113	352
453	302
251	47
21	151
322	65
374	119
82	264
392	362
96	330
332	40
96	430
436	262
255	495
83	265
97	53
365	388
114	46
8	189
206	404
480	253
454	259
323	46
106	74
76	311
395	160
408	286
372	140
479	193
283	455
314	47
429	194
258	443
350	382
457	140
449	139
445	116
66	331
174	32
98	158
51	388
272	406
328	91
228	55
438	168
11	215
242	65
418	316
140	128
480	288
329	98
297	106
202	18
164	477
198	100
428	388
228	3
56	223
147	403
241	38
198	38
292	88
63	185
118	402
12	242
489	183
202	42
331	396
481	295
125	115
413	292
150	474
149	421
418	390
130	426
62	234
323	449
225	68
341	44
204	479
210	423
194	480
46	365
146	75
292	82
58	400
155	459
25	320
471	179
384	458
18	302
450	116
80	92
28	252
50	249
296	66
466	223
416	199
375	146
362	67
100	426
411	227
346	390
12	316
432	412
465	359
239	21
188	458
448	306
269	497
379	402
63	198
272	490
289	408
216	411
46	249
97	281
359	27
470	139
360	387
60	254
379	102
86	170
237	418
203	491
257	6
103	74
165	461
270	477
498	231
454	380
42	298
384	124
185	395
106	72
476	306
302	66
90	394
490	224
77	123
478	182
139	47
227	427
70	100
473	251
420	157
137	414
152	94
110	436
394	203
416	200
105	447
392	162
172	69
150	427
265	74
452	248
29	297
422	406
399	299
333	452
17	237
115	390
64	123
411	255
382	399
335	413
224	466
290	46
212	33
55	240
109	432
417	343
297	460
483	307
429	190
13	191
268	24
375	462
194	60
400	89
244	422
151	429
381	92
423	131
323	417
380	379
107	328
342	126
31	305
4	208
410	361
116	319
444	128
366	377
408	385
43	344
154	54
2	259
105	99
270	59
107	424
340	50
346	32
40	159
47	256
396	80
261	43
138	376
378	430
345	120
276	18
199	98
378	437
250	448
333	468
401	252
114	397
400	332
219	48
44	335
158	77
474	169
56	143
350	445
118	432
96	64
354	445
476	241
27	183
350	408
34	365
80	364
287	454
382	375
81	211
42	388
350	377
452	241
59	151
402	351
384	447
271	76
437	366
70	255
146	425
279	86
382	124
122	67
54	306
335	378
233	80
177	13
88	227
39	279
152	106
378	95
288	96
93	272
144	37
429	169
103	283
404	123
57	204
33	239
215	479
417	97
89	183
141	396
481	173
274	465
259	447
376	436
179	44
441	214
308	37
5	234
473	201
442	325
247	438
110	409
272	54
93	221
90	362
24	158
455	312
289	82
308	42
53	233
379	97
453	149
58	164
117	455
17	245
111	127
362	470
473	229
436	373
332	100
307	102
234	453
461	127
356	466
137	354
160	444
88	119
432	270
52	345
262	405
244	458
449	305
337	84
283	73
464	304
337	382
270	476
398	195
483	201
435	155
254	26
391	193
338	61
144	119
334	40
125	162
394	179
108	45
85	331
444	210
93	335
358	413
269	100
113	382
74	292
347	67
257	473
55	108
46	274
417	152
254	499
76	336
195	434
327	426
421	96
414	356
417	261
385	369
183	472
116	429
133	460
65	398
149	396
424	382
446	152
298	94
217	54
375	116
242	73
427	198
52	366
92	258
250	96
401	188
135	410
23	232
242	470
111	355
92	405
240	83
442	176
42	177
470	246
178	415
91	428
175	475
172	452
247	82
376	80
272	498
85	227
402	148
105	191
95	434
214	429
354	438
444	337
428	137
272	490
48	216
240	42
146	78
438	284
272	428
252	58
404	325
426	392
126	362
95	374
336	16
148	442
233	460
139	97
455	313
434	254
450	171
294	449
367	40
42	214
485	187
426	167
200	420
76	110
57	158
335	60
418	202
163	57
452	373
437	371
293	443
362	467
335	454
408	373
158	51
303	20
377	51
269	13
76	301
364	140
463	302
148	119
383	412
251	475
307	20
366	76
376	366
328	76
17	290
459	184
40	162
275	406
443	116
360	354
336	450
346	67
117	398
257	19
108	101
466	243
107	194
453	141
478	235
62	194
55	293
117	444
307	56
24	233
31	349
270	482
121	342
367	44
364	384
115	428
102	214
400	357
57	207
460	219
126	417
111	366
187	453
48	251
147	438
217	23
50	350
78	272
191	438
475	248
317	39
13	186
351	116
444	306
113	396
421	405
149	95
373	140
193	78
402	101
305	62
28	312
67	94
188	52
470	314
26	191
122	353
388	125
341	114
382	397
38	164
368	404
147	403
143	129
354	424
262	67
221	101
391	337
127	112
134	406
87	300
445	247
153	85
62	396
221	46
200	43
408	89
351	108
93	121
29	146
457	188
437	106
395	177
447	243
247	42
238	90
120	392
120	366
63	108
437	119
7	212
483	245
183	459
75	133
323	15
313	9
186	401
322	459
359	126
418	80
191	15
119	52
341	462
144	52
212	446
447	297
100	236
255	463
186	96
111	52
100	68
396	69
286	27
327	33
408	382
88	323
27	212
298	5
65	162
312	423
290	82
72	403
91	131
111	382
445	321
159	109
58	231
81	104
407	364
301	90
429	411
58	277
372	415
467	152
31	348
16	170
66	263
235	52
459	162
74	129
285	94
289	420
101	284
98	210
269	461
68	418
46	227
63	216
357	39
30	167
246	68
101	173
402	399
5	272
392	145
192	46
3	278
306	82
221	31
129	67
460	266
288	452
418	103
102	281
430	129
216	62
49	209
95	147
100	72
411	336
402	377
31	352
477	225
459	261
482	243
256	403
330	458
92	206
310	475
217	6
105	73
186	99
425	103
130	361
26	186
202	79
286	428
420	236
449	314
366	367
496	210
111	409
114	183
101	426
489	290
17	242
146	438
463	152
275	3
317	34
68	296
329	478
352	386
161	380
149	465
449	100
191	478
404	388
93	194
102	187
423	344
415	284
408	209
255	97
416	294
15	244
364	411
420	351
314	388
73	81
272	483
420	107
297	400
435	266
386	147
273	98
451	266
330	71
272	497
163	37
442	250
224	72
121	394
137	350
152	24
300	26
165	441
373	136
482	285
458	368
101	229
54	377
261	435
408	353
451	314
49	153
294	86
160	475
88	408
148	417
307	22
2	275
79	150
286	497
461	189
279	84
385	402
59	314
103	214
19	267
91	170
19	322
47	290
134	115
155	127
472	338
142	453
124	354
323	384
255	484
331	88
12	315
415	322
161	108
133	96
122	171
452	219
188	45
426	283
260	416
264	454
86	160
149	129
328	115
325	102
167	436
100	155
163	445
437	261
462	138
311	88
376	446
111	421
258	403
268	490
97	319
463	204
36	308
82	293
257	491
148	392
407	104
248	475
371	102
437	90
230	444
266	426
129	384
76	185
392	89
155	481
316	483
87	84
261	438
101	345
388	135
451	181
192	64
91	67
339	389
130	442
66	83
83	325
394	69
53	382
444	400
432	171
445	131
498	237
82	365
261	92
23	256
199	400
423	206
60	307
187	51
75	323
378	56
445	278
276	89
78	171
10	200
304	462
67	150
425	218
397	330
435	389
428	363
401	313
414	208
300	46
252	5
114	454
310	29
387	55
109	333
67	296
71	108
459	320
260	416
106	445
238	22
448	210
212	473
161	108
134	154
156	388
39	205
67	285
170	18
87	244
364	355
61	166
391	63
323	111
391	69
12	305
173	121
300	483
90	383
454	261
313	414
250	9
415	92
299	393
160	39
441	227
430	151
419	164
263	469
355	98
361	467
432	397
144	66
386	373
160	428
66	389
377	370
155	47
162	465
487	197
260	90
430	256
423	177
61	323
81	328
60	291
167	106
60	359
174	82
242	88
350	375
162	117
347	47
434	331
422	386
75	309
85	141
338	464
193	441
380	373
386	426
434	411
122	402
347	448
401	411
383	149
109	324
198	15
38	284
483	262
344	59
109	101
61	398
73	257
448	154
430	116
455	260
330	42
348	45
374	442
