-0.17935	-0.99322
0.13677	0.8943
-0.039367	0.55109
-0.047927	0.21357
0.093874	-0.57877
0.13478	0.67878
-0.014451	0.33749
-0.075065	0.17553
-0.0091953	0.11783
-0.14619	0.33025
0.10744	0.48641
0.15418	-0.86105
0.031877	0.39515
0.14854	-0.78941
0.058743	0.34026
0.090993	0.71477
0.11366	-0.89726
-0.18667	-0.3119
-0.15506	-0.098209
-0.083395	-0.59786
-0.022685	-0.24797
-0.061636	0.42139
0.077226	0.29771
-0.06221	-0.304
0.029338	0.62889
-0.11301	-0.24718
-0.18227	-0.30186
0.17298	0.57997
0.094161	-0.36817
0.16288	0.21649
-0.14248	0.48758
0.057166	0.68933
-0.0089716	-0.36854
0.014993	-0.1161
-0.020179	0.7909
0.05319	0.73256
-0.038104	0.21561
-0.011828	-0.20197
0.0017574	-0.53137
-0.063801	-0.66593
0.10465	-0.30821
0.064892	-0.020011
-0.16476	-0.33303
0.084802	0.7641
0.074104	0.245
-0.13276	-0.33437
-0.099383	0.19689
0.066205	-0.86251
-0.087389	-0.19124
0.052609	-0.12011
-0.19718	-0.66731
0.0063222	0.49833
-0.14354	-0.51825
-0.1285	-0.21657
-0.13651	0.18085
0.14542	-0.52861
0.045141	-0.32097
-0.11617	-0.61735
-0.020561	0.19132
0.030032	-0.44853
-0.047905	-0.38662
0.059888	0.15904
0.13621	-0.95912
0.028531	0.016616
-0.076075	-0.73526
-0.19036	0.51847
-0.12572	-0.11096
-0.1664	-0.86299
0.084617	-0.20758
0.15103	-0.85652
-0.055737	0.4469
0.0237	-0.90689
-0.067418	-0.14758
0.1038	-0.41818
-0.15969	-0.39638
0.074534	-0.007614
-0.10039	0.032234
-0.11367	-0.24865
-0.042101	0.9844
0.00028175	0.86639
-0.064657	-0.58554
0.11241	0.8451
0.049073	-0.3219
-0.02941	-0.11921
0.11044	0.40052
-0.1881	-0.53352
0.13563	-0.79322
-0.038832	0.37102
0.15449	-0.23659
0.14975	-0.2897
0.055285	0.98502
-0.027964	-0.81709
0.016472	-0.89319
0.04856	0.13508
0.15159	0.3571
0.19604	-0.1988
0.00060606	0.70699
0.18603	0.45642
0.16281	-0.97393
-0.11756	-0.76851
-0.19465	-0.36317
0.092259	0.17779
0.19997	0.14185
0.015048	0.097053
0.10787	-0.83597
0.15149	-0.1276
0.13876	-0.62025
0.13736	-0.5306
0.12766	0.25591
0.028931	0.99844
-0.16358	0.72567
-0.028528	0.38838
0.13133	-0.42983
-0.0054741	-0.12499
-0.002948	-0.66215
0.052873	-0.70822
-0.16103	0.9785
0.013243	-0.39969
0.17191	0.35396
0.089655	-0.99438
0.028325	-0.53345
0.054164	0.24885
-0.069043	0.36444
-0.0027141	-0.89915
-0.016649	0.058064
0.17894	-0.12286
-0.14014	-0.83935
-0.1288	-0.99663
0.11085	-0.38559
-0.16629	-0.68505
-0.087945	0.29091
-0.09113	-0.75839
-0.026458	-0.29247
0.12874	0.39998
-0.19612	0.43886
0.14831	-0.053389
-0.15471	0.69913
0.15665	0.34004
-0.019942	-0.90485
0.03427	0.1911
-0.027413	-0.21736
0.07656	0.80228
-0.050656	-0.11749
-0.18276	-0.68205
0.012548	0.75684
0.094454	0.15481
-0.11913	-0.098738
0.1199	0.51145
-0.030115	-0.123
-0.13679	0.82022
0.12756	-0.58295
-0.070168	0.37644
-0.11215	0.74489
-0.13949	-0.55484
-0.045395	0.81069
-0.1465	-0.70268
0.13287	-0.020413
-0.095671	0.92447
0.052032	-0.35576
0.10697	0.70387
-0.10804	-0.0095261
0.095433	-0.10581
-0.050518	-0.39112
0.1423	0.40145
-0.046581	-0.86234
-0.080913	0.6861
0.095138	-0.77845
0.18458	0.60697
0.18979	-0.61527
-0.15984	-0.77448
-0.085443	-0.74755
-0.037359	-0.054182
0.10562	-0.63091
-0.049113	0.28545
0.15489	-0.51293
-0.026252	-0.8039
-0.012195	0.903
-0.1559	0.69902
0.16171	0.45719
-0.17093	-0.0028456
0.062957	0.17389
0.11023	0.6512
0.18793	0.72584
0.1416	-0.88062
-0.15861	-0.58173
-0.17103	0.84098
-0.17536	0.38409
-0.032524	-0.64626
0.16949	0.34865
-0.10367	-0.27495
0.036742	0.83918
-0.081225	0.12784
0.046465	0.6832
0.13495	0.53178
0.13876	-0.33136
0.099144	0.79645
-0.092434	-0.073112
0.061506	-0.79223
0.12302	0.98371
-0.011288	-0.76136
-0.11501	-0.11891
-0.096108	-0.56055
-0.092042	0.756
-0.1439	0.13742
-0.10562	-0.32804
0.0026997	0.62155
0.17341	0.39282
0.18445	0.19072
0.033452	-0.55779
-0.16692	-0.69526
0.12273	0.80921
-0.022467	0.33467
-0.0022734	0.83819
0.19037	-0.56456
-0.09068	-0.63594
-0.062319	-0.23482
-0.18824	-0.59603
-0.18585	0.45627
-0.051087	0.578
0.18364	0.47443
0.096479	-0.19674
-0.080638	-0.66617
-0.090065	-0.38448
-0.12695	0.10149
-0.04767	-0.29783
0.006225	0.34669
-0.17565	0.8226
-0.16623	-0.59906
-0.16815	-0.42693
-0.16963	0.59609
0.17856	0.42734
-0.1773	0.30136
0.11399	0.87765
-0.14648	0.71394
0.15134	-0.84719
-0.022754	-0.68547
-0.033632	-0.67023
-0.053933	-0.5179
-0.056967	-0.42388
0.15554	-0.12526
-0.19371	0.75061
-0.03284	-0.42583
0.060521	-0.94658
-0.025644	0.83308
0.19782	-0.37584
-0.029775	-0.66643
-0.025537	-0.60618
-0.0029222	-0.012193
0.086798	-0.92073
0.020098	-0.70747
0.19473	-0.48061
-0.030176	0.43665
0.036366	0.76619
0.0014515	-0.60949
-0.0041348	0.3601
0.10632	0.25943
0.10721	0.18701
-0.10373	-0.86548
-0.13187	-0.17419
-0.018807	0.42667
-0.086147	-0.9454
0.12694	0.60381
-0.0394	0.17536
-0.19043	-0.68087
-0.084679	0.68028
-0.0082212	-0.46559
-0.17392	0.76908
-0.19511	-0.10342
0.040678	-0.15653
0.071552	-0.72041
0.17763	0.049745
-0.098928	0.066602
0.11135	-0.6221
-0.18827	0.32588
0.17796	-0.85368
-0.16771	0.20619
0.085585	-0.49619
0.023866	0.52395
-0.077421	-0.033739
-0.011021	0.95144
-0.036319	0.89683
-0.0076166	-0.97174
-0.012784	-0.070478
-0.054005	-0.51766
-0.05741	-0.33191
-0.089169	-0.38196
0.13731	0.45969
0.19187	0.043744
-0.12253	-0.7931
-0.14906	0.3299
-0.11241	0.61948
-0.087053	-0.3224
0.10283	-0.55616
-0.11195	0.56029
0.050744	0.83947
0.051519	-0.97383
-0.12631	0.76482
-0.052606	0.25721
-0.14445	0.86131
-0.14488	-0.041602
0.15028	0.78867
0.12465	-0.7901
0.12767	0.75952
0.13978	-0.80265
0.032425	-0.13736
0.16077	-0.58131
0.084874	-0.041546
0.083463	-0.25754
-0.0402	-0.54294
-0.044818	0.86892
-0.064269	-0.028373
-0.1759	-0.85967
0.014334	-0.46319
0.10628	-0.80826
-0.17371	-0.37223
-0.017446	-0.04855
-0.017327	0.022764
-0.014885	0.60281
-0.16687	-0.62524
-0.1981	-0.37839
0.090811	0.42571
-0.13625	0.89031
0.010827	-0.54539
-0.02894	-0.3441
0.011335	0.76536
0.10286	-0.52671
-0.068295	-0.44859
0.15965	0.60644
0.001539	0.50722
-0.13455	0.86012
-0.16967	0.090643
0.038739	-0.56802
-0.11731	-0.77045
-0.10974	-0.87128
-0.064137	0.40254
0.0508	-0.48316
0.19874	-0.44451
-0.10781	-0.93039
0.05954	0.98268
-0.11898	-0.14901
-0.12614	-0.46592
-0.019401	-0.77035
-0.065453	0.76551
-0.075648	-0.047522
0.18378	-0.69729
-0.08638	0.72678
-0.18279	0.94411
-0.15161	-0.33101
-0.1807	0.66793
-0.17766	-0.056767
0.016871	-0.078624
-0.04987	0.56838
-0.16595	0.80996
0.12581	-0.99606
0.10249	-0.84267
0.14229	-0.71384
-0.089958	0.52842
0.08405	-0.89303
-0.1718	0.78312
0.16209	-0.095356
0.18066	-0.64925
-0.11924	0.061831
-0.025524	-0.81434
-0.17717	-0.57115
-0.02678	0.6833
-0.09102	0.15605
-0.16703	0.75811
-0.039552	-0.38619
0.045471	-0.74203
-0.16837	0.65469
-0.14406	-0.66468
0.018723	0.7842
-0.11539	0.1067
-0.1562	-0.74308
-0.054973	-0.94976
0.075181	-0.60842
-0.032876	0.30699
-0.14012	-0.49245
-0.1195	-0.5805
-0.083752	-0.48847
-0.025879	0.36094
-0.15373	0.30562
-0.069469	0.47538
0.038318	-0.348
0.011629	-0.85752
-0.1438	-0.3604
-0.023413	0.79924
0.092729	0.79969
0.088094	0.33321
0.19418	0.2404
0.062782	0.32264
-0.016663	0.68393
-0.051004	0.83685
-0.025586	-0.99165
-0.017647	-0.69089
-0.19695	0.26601
-0.093942	0.75893
-0.084007	-0.68391
0.10041	-0.48716
-0.014931	0.3631
-0.1431	0.64789
0.17884	-0.86081
0.15047	0.34677
0.17674	0.21827
0.13001	0.5347
-0.17621	0.67018
0.088663	-0.32589
0.15715	0.80879
-0.029263	-0.70695
0.17047	0.34406
-0.041308	0.6589
0.13414	0.080865
0.022535	-0.90134
-0.050841	-0.74475
-0.085048	-0.99627
-0.19868	-0.37371
0.0030308	-0.88079
0.13853	0.56399
-0.07223	-0.99035
0.0256	-0.87692
-0.1334	-0.34937
0.013988	0.13716
-0.10076	-0.69021
0.1447	-0.33235
0.025412	0.1656
-0.093352	-0.71601
-0.16766	0.032633
0.1078	0.46098
-0.1318	-0.35444
0.0042763	0.86516
-0.12892	0.75906
0.011002	-0.47459
0.119	-0.42187
-0.018311	-0.29929
-0.15613	-0.089066
-0.0073241	-0.93183
0.10322	0.7734
-0.054833	0.53707
0.029315	0.61335
-0.097584	0.61117
-0.086105	0.0010934
0.038659	0.37725
0.14398	0.37956
-0.15364	-0.78645
-0.15898	0.089122
-0.021185	-0.12725
-0.063429	-0.77436
-0.051797	-0.64282
-0.1597	0.14011
-0.071894	0.79718
0.080205	0.14812
0.012994	-0.48531
-0.0026097	-0.54784
0.13838	0.51755
0.096551	0.4296
-0.073543	0.28102
-0.038234	-0.91173
-0.19344	0.62059
-0.019763	0.25731
-0.15857	0.57443
0.063077	0.52792
0.13193	0.74886
0.12413	0.054575
-0.096057	-0.75435
-0.023452	-0.38844
-0.16448	-0.44723
-0.013513	-0.5257
0.095101	0.50732
-0.039936	0.53983
0.00044969	0.99381
-0.042133	0.95744
-0.13137	-0.36183
0.068164	0.69875
0.038387	-0.13897
-0.021309	0.32646
-0.13406	0.85875
0.037748	-0.97717
0.033481	0.64139
-0.087677	-0.16614
0.012883	-0.28532
0.11832	0.67417
0.14682	0.70102
0.085597	-0.0044852
-0.1687	0.61761
-0.094654	0.14989
-0.043078	-0.85577
-0.006302	-0.89722
0.081458	0.48263
-0.14334	-0.38196
0.054139	0.45445
-0.083862	-0.086574
0.12621	0.95133
-0.01442	-0.96569
0.037729	-0.33456
0.10453	0.97495
0.021242	-0.076056
-0.18554	-0.27907
0.10289	-0.28912
0.10052	0.78193
0.16824	-0.18158
0.08963	0.24824
0.0066588	0.11452
-0.086171	0.79508
0.12965	0.96938
-0.17106	0.31077
0.16324	-0.91057
-0.016516	0.039565
0.0088457	0.97416
-0.13047	0.63439
0.050814	0.24285
0.023737	-0.39526
0.14052	0.84271
-0.19866	-0.52353
-0.044989	-0.96019
-0.1336	0.09805
-0.18071	-0.079665
-0.026826	-0.93396
-0.072767	0.9082
0.19685	0.15375
0.064993	0.10781
-0.065066	-0.06988
0.03025	-0.46874
0.011073	-0.17961
0.10137	-0.74915
0.13196	0.97338
0.17129	-0.41323
0.036546	0.86088
-0.16673	0.77032
0.13562	0.69638
0.12294	0.03536
0.19684	0.29775
-0.17402	0.32475
0.12873	0.11171
-0.049563	-0.4268
0.18642	0.73243
0.02926	0.034294
0.18116	0.37494
-0.11484	-0.31314
-0.077269	-0.8788
0.13619	0.0039858
0.13621	0.98933
0.029693	-0.32619
-0.15587	-0.3366
-0.058527	0.82654
-0.06204	-0.33017
0.096256	0.79886
0.17816	0.52277
-0.06755	0.13329
-0.11221	0.14868
0.031287	0.82654
-0.15899	-0.36135
-0.18449	0.75232
0.1217	0.19116
0.18979	0.87116
-0.16989	-0.396
-0.17996	0.49314
0.16541	0.2129
-0.0011497	0.15528
-0.12225	-0.12572
-0.18871	-0.94534
-0.031539	-0.26827
-0.074491	-0.86169
0.027513	-0.35304
0.01603	0.42
-0.18759	0.88313
-0.067665	0.72909
-0.049277	-0.12742
0.19734	0.46874
-0.10314	0.11901
0.10634	0.12052
0.073156	-0.38099
-0.059829	0.62661
0.06178	-0.61036
-0.055938	-0.39025
-0.15566	0.99011
-0.17942	0.83627
0.072765	-0.76912
0.16601	-0.58654
0.056665	0.048198
-0.037793	0.066417
0.016224	0.27192
-0.12438	0.23928
-0.081669	-0.38185
0.1943	0.31484
-0.063234	-0.50203
0.022712	0.38126
0.11425	-0.16013
0.16352	0.69991
-0.073039	-0.67479
0.041631	0.80557
0.094779	-0.70495
0.14235	-0.09908
0.092446	0.76083
0.1386	-0.66974
-0.16485	-0.32479
0.12817	-0.77498
0.081578	0.86233
-0.11117	-0.77228
0.040518	0.28433
0.18065	0.66722
0.1187	-0.039987
-0.1522	-0.058335
0.054549	-0.43101
-0.0033317	-0.0011321
0.0043487	0.97265
-0.11111	-0.69747
-0.18301	-0.32524
0.12955	-0.32098
0.17682	-0.71609
0.15708	0.71059
0.11791	0.83473
0.033677	-0.71668
0.010571	0.76758
0.067249	0.65178
-0.1442	0.50174
-0.028839	0.70747
0.10382	0.51501
0.075695	-0.19653
-0.19495	0.8748
-0.11472	0.83547
-0.1523	-0.31533
-0.13467	0.28516
-0.18323	0.62112
0.04922	-0.84522
0.047633	0.36119
0.16777	0.4833
0.19413	0.82054
-0.081075	0.75057
0.1787	0.7483
-0.15062	0.65986
0.15196	0.33706
0.066628	-0.97236
-0.18723	-0.39639
-0.05584	-0.055355
-0.097315	-0.34827
0.025584	0.55889
-0.0043042	-0.7814
0.059759	0.98624
-0.027866	-0.23658
0.062117	-0.12705
-0.0059571	0.60333
-0.12179	0.17271
0.19236	0.77385
0.1414	0.10381
0.15897	0.76691
0.19662	-0.51759
-0.17663	0.87354
0.11717	-0.40568
0.019734	-0.18616
0.074997	-0.82834
0.080069	0.14787
0.12642	-0.70039
0.0015157	0.61945
-0.12601	-0.86325
0.17325	-0.60655
0.17173	-0.3011
-0.079613	-0.63654
-0.061425	-0.38654
0.035281	-0.62871
0.17319	-0.80804
-0.056664	-0.76382
0.044564	0.50098
0.19027	-0.098595
-0.12589	0.91533
0.10576	-0.028291
-0.044082	0.50614
-0.093278	0.72237
-0.11971	0.89894
0.039505	0.49689
-0.036272	-0.70688
-0.030668	-0.53379
0.16437	0.54696
0.10427	0.77196
0.0088665	0.35458
-0.18066	-0.57825
0.11641	-0.62814
0.06146	0.88337
0.15028	0.74231
0.17889	0.082661
-0.15761	-0.72293
0.19139	-0.34905
-0.17178	-0.42994
0.077047	-0.051511
0.13479	0.259
0.15911	0.99688
0.10693	0.57932
-0.10557	0.68268
0.079131	-0.20143
-0.046303	0.59698
0.19309	-0.51443
0.093286	0.0041786
-0.1475	0.23056
0.13584	0.99646
-0.15935	-0.43725
-0.14427	-0.89052
-0.0092026	0.95906
0.13246	0.99421
0.18773	-0.32579
-0.057466	0.52486
0.16985	-0.67922
-0.11403	0.41185
-0.14723	-0.043976
-0.14519	0.88748
0.18045	-0.15847
-0.013301	0.63416
0.04465	0.31246
0.040193	-0.40939
-0.077417	-0.63888
0.054479	0.29752
0.029738	0.39872
-0.19555	-0.76741
0.1219	0.20816
-0.018441	0.56296
0.055812	-0.38822
0.036633	-0.7492
0.0919	0.1315
0.15934	0.0669
0.10926	0.39637
-0.14348	-0.22438
0.18709	0.92465
0.028122	0.59569
-0.15626	-0.29161
0.11917	0.84716
0.017602	0.19734
-0.16506	0.65838
-0.098648	-0.58604
0.029659	0.41515
0.071606	-0.56734
-0.12127	0.76493
-0.11154	0.25312
0.18797	0.15419
-0.063219	-0.54991
-0.12028	-0.42008
0.00475	-0.35815
-0.16666	0.60705
0.063454	0.70356
0.06528	0.6582
-0.035877	0.30529
-0.18772	-0.92045
0.12356	-0.023734
-0.054307	-0.90207
0.054342	0.97535
0.12279	0.68954
0.084171	-0.85965
-0.13874	-0.20108
0.13331	0.39227
0.1752	0.85001
-0.17447	0.14437
0.11974	0.39755
0.050667	-0.45404
-0.046826	0.89896
0.19648	0.80098
-0.13968	0.06234
-0.065974	-0.2446
-0.019859	0.93919
-0.17739	0.9102
0.1239	-0.20519
0.015875	-0.70673
0.013546	-0.018429
0.063023	0.26592
0.020529	-0.69991
-0.16699	0.67238
-0.14928	0.68079
-0.13208	-0.021489
-0.18792	0.83484
0.063738	-0.85314
0.036636	-0.76969
0.13451	-0.16495
-0.096321	-0.31535
-0.073128	-0.085626
0.1313	0.88687
-0.014962	-0.40297
0.12952	-0.64746
-0.026553	0.10266
0.13023	-0.58988
-0.021046	-0.035173
-0.12305	0.85347
-0.15994	0.31334
-0.059845	0.32643
0.17934	0.23322
0.10313	-0.26643
0.15499	0.13041
0.087698	-0.23658
-0.057512	-0.23953
0.19172	0.14224
-0.12708	0.61302
0.14921	-0.94585
-0.17591	-0.82692
-0.069365	-0.11451
0.18856	-0.64281
-0.11927	0.22983
0.19458	0.74638
-0.043271	0.40754
-0.052007	-0.52019
-0.080814	-0.90423
0.15107	0.66566
-0.17667	-0.25092
-0.11596	0.78613
-0.11379	0.54227
-0.075389	-0.060051
0.13554	0.72512
-0.025121	-0.83628
0.19159	0.71465
0.1339	-0.91647
0.061566	0.93876
-0.062032	-0.27134
-0.17	-0.3319
0.0011139	-0.19522
-0.07932	0.95132
0.068161	0.78673
-0.015946	0.59905
-0.009249	0.15618
0.15155	0.98567
-0.094928	0.16214
0.15021	-0.84402
-0.18993	0.57254
-0.18966	0.61197
-0.032094	-0.61427
0.19946	0.039453
-0.12636	-0.90964
-0.19352	-0.24814
-0.090875	-0.44699
-0.1369	-0.56472
-0.019722	0.8342
0.1294	0.43824
0.066036	-0.50522
-0.13334	0.71843
0.07225	0.63404
-0.098605	0.35537
-0.05997	0.72515
0.0831	-0.32817
-0.14635	0.41093
-0.090203	0.49226
-0.047857	-0.57738
0.073871	0.043252
-0.04983	0.9364
0.11119	0.035355
-0.077374	0.20647
-0.027276	0.067991
-0.031754	0.73124
-0.081684	-0.12194
-0.054733	0.53538
0.10958	0.094344
0.065844	-0.35346
-0.16603	-0.59119
-0.063758	-0.19208
0.02082	-0.25395
-0.080421	-0.1789
-0.03742	-0.79876
-0.12585	-0.71639
0.11225	-0.42256
-0.1907	0.093317
0.021722	0.37581
-0.12438	0.23635
0.024679	0.34164
-0.017623	-0.011473
-0.19587	-0.82132
-0.055836	0.082242
-0.031423	0.2354
-0.13147	0.3676
-0.011976	0.25989
-0.07305	-0.086607
-0.15394	0.39588
-0.076702	-0.46559
0.072076	0.84451
0.17603	-0.34222
0.12466	0.36757
-0.092168	-0.25044
0.13966	0.86038
0.066942	0.39524
-0.11319	0.79391
-0.01332	-0.77597
0.12393	0.20508
0.12687	0.77633
-0.17904	-0.30317
0.13899	0.65894
0.054563	0.81027
-0.16784	0.15744
-0.12884	0.16007
-0.15145	0.27872
-0.16746	0.46729
-0.13049	-0.32254
0.083566	-0.97187
0.091951	-0.15647
-0.18586	0.18951
-0.080908	-0.84085
0.17206	-0.23622
0.13796	-0.12316
-0.1211	-0.024025
-0.14635	0.21716
-0.049034	-0.19855
-0.10648	-0.96875
0.060108	0.24127
-0.16668	-0.89889
-0.12004	0.43698
0.13553	0.32191
-0.15378	0.38326
-0.1318	-0.57862
0.08913	-0.85412
0.0037772	0.73137
-0.11609	0.13003
0.0037273	-0.51839
-0.15592	-0.51904
0.19937	0.5528
0.050405	0.91923
-0.045524	-0.43789
0.0768	0.45801
-0.030307	-0.28754
-0.16806	-0.69235
-0.1738	-0.31313
0.16494	-0.76778
0.1748	-0.0009516
-0.12259	0.0064309
0.050514	0.084578
0.18044	-0.50057
-0.19969	0.98156
0.14069	-0.95525
0.14384	-0.82626
-0.088959	-0.97842
0.069953	-0.31329
0.097756	0.50915
0.18987	-0.73281
-0.1202	-0.28695
-0.14164	-0.80772
-0.1902	0.59792
0.15116	-0.8019
0.071583	0.52917
-0.11134	-0.30039
-0.060129	-0.65268
-0.18578	0.37927
0.047286	0.33032
-0.065609	-0.38764
0.10374	0.95438
-0.10797	0.31043
0.10287	-0.62953
0.18898	-0.56836
0.12243	-0.50293
0.16193	-0.77651
-0.0039526	-0.76054
-0.03193	-0.44149
0.1527	-0.069693
-0.047873	0.66191
-0.19723	0.77717
0.039034	-0.041801
0.049553	-0.55275
0.032436	-0.059523
-0.04506	-0.39916
-0.11522	-0.72457
-0.050736	0.087232
0.086113	0.10784
0.097235	0.54183
-0.17444	0.52478
0.18221	-0.06763
-0.023587	-0.65484
-0.021611	0.060655
-0.016843	-0.56323
0.1157	-0.13192
0.095097	0.83659
-0.097034	0.50346
-0.046637	-0.36789
0.16368	0.82013
0.14073	-0.091607
0.011507	0.36317
0.19975	-0.27064
-0.040011	-0.70617
-0.059489	-0.5986
0.16289	-0.5892
0.087989	-0.6229
0.034566	0.88846
0.1588	0.39327
0.12754	-0.30691
-0.077465	-0.171
0.050893	0.077809
0.15057	-0.25703
-0.1321	0.07399
0.19404	-0.44788
-0.053524	0.49863
0.027229	0.43938
0.045983	0.65841
0.035139	-0.1166
0.17814	0.31476
0.033718	0.1511
-0.10959	-0.48285
0.17614	0.69755
-0.034528	-0.2359
0.090061	-0.71975
0.049557	-0.75664
0.096791	-0.80113
-0.036135	-0.64366
-0.12377	-0.074832
0.13757	0.29103
0.12455	-0.73132
0.15483	0.78388
-0.13597	0.71206
-0.048998	-0.42507
0.094899	-0.1423
0.17113	0.44215
-0.15596	-0.82209
-0.02736	-0.86999
0.15695	0.035988
0.91258	0.17017
-0.21152	0.028272
0.91214	-0.032126
0.33942	0.065677
0.56076	-0.17182
0.7498	-0.19219
-0.0483	-0.11409
0.22091	0.045764
0.78774	-0.049315
-0.37436	-0.045148
0.13888	-0.0084757
0.099529	-0.050253
0.78745	0.19961
0.6572	-0.014096
-0.52132	-0.11091
0.15042	-0.080208
0.0896	-0.061089
-0.0992	0.076594
0.74259	0.1158
0.62853	-0.19334
-0.31407	0.11232
-0.5537	0.090242
-0.087317	-0.10513
0.47067	-0.13969
0.51279	0.1463
0.39176	0.062139
0.36147	-0.028895
-0.79295	-0.041623
0.82025	0.047812
-0.056328	-0.029081
-0.70888	0.03204
-0.084185	0.099884
-0.90476	-0.042296
-0.34744	-0.066958
0.62305	-0.16631
-0.48228	0.083215
0.37354	0.19656
0.14079	-0.023836
0.31945	0.18235
-0.92174	-0.097039
0.38303	-0.13071
-0.39491	-0.12047
0.68962	0.023872
0.46416	0.02487
-0.84729	-0.01213
-0.47869	0.12524
0.60253	0.14961
0.65704	0.055009
0.90599	0.14256
-0.9513	0.015724
-0.49191	-0.12732
0.42943	0.14134
-0.5037	-0.17198
0.3648	-0.15038
-0.82031	-0.17708
-0.96343	-0.19534
-0.40184	0.17043
0.22191	0.046401
-0.29013	-0.13042
-0.15806	-0.026806
-0.56711	-0.13319
0.66287	-0.083752
0.91158	-0.024561
0.89612	-0.0027623
-0.93441	-0.025533
-0.63196	0.075
0.70252	0.12963
-0.72775	-0.071072
0.63352	-0.1011
-0.40828	0.013547
-0.028497	0.081609
-0.94375	-0.0035316
0.33921	-0.15547
-0.9495	-0.14695
-0.31586	-0.11644
-0.6362	0.19636
-0.61896	0.18529
-0.90804	-0.19543
0.48931	0.12761
-0.2183	0.012368
-0.94555	-0.13239
0.1221	0.041302
0.068894	0.16154
-0.10611	-0.16864
0.55805	0.13414
-0.82551	0.062249
-0.31307	-0.17549
0.23696	0.1586
0.55721	-0.02445
-0.89352	-0.1229
0.67121	0.025028
-0.90816	-0.14903
0.52398	0.05672
0.53849	0.088286
0.46836	-0.18038
-0.26443	-0.057817
-0.3087	-0.12886
-0.26115	-0.12404
0.90221	0.13937
-0.61775	-0.081941
-0.50932	0.018465
-0.1043	-0.051367
-0.95048	-0.13205
-0.6552	-0.12454
-0.02264	-0.0047474
-0.51827	-0.19017
-0.54797	0.14114
0.34474	0.14695
0.11963	0.19962
0.59784	-0.10752
-0.11325	0.19256
0.58354	-0.10404
-0.50576	0.1488
-0.23419	0.061032
0.032035	0.16021
0.40489	-0.124
-0.99535	-0.055903
-0.90212	0.032488
0.12185	0.032743
-0.032406	-0.089514
-0.64246	-0.06004
0.16743	0.10145
-0.0060406	-0.14252
0.47491	-0.19969
-0.25921	-0.11245
-0.51529	-0.028489
-0.44429	-0.008451
0.89988	-0.035512
0.36542	-0.044694
-0.3707	0.027622
-0.33946	-0.1562
0.71225	-0.05255
0.70506	-0.00071979
-0.13008	-0.097468
-0.23166	-0.14203
0.46357	0.025234
-0.74446	0.10601
-0.11328	0.13913
0.15692	0.022791
-0.63059	-0.1593
-0.2803	-0.18076
-0.98666	-0.056127
-0.73722	-0.13249
-0.4606	0.043458
0.69585	-0.0037461
-0.79386	-0.16018
-0.47949	0.18936
-0.75222	-0.14937
-0.53081	-0.033304
0.60752	-0.14552
0.55389	-0.13123
-0.78495	0.03601
-0.70901	0.027884
-0.40182	-0.14677
0.54696	-0.020868
0.73729	0.073679
-0.35782	-0.077781
0.090174	-0.070766
-0.44822	-0.16785
0.7245	0.14387
0.75312	0.065352
-0.32499	-0.034664
-0.09363	-0.19969
0.36788	0.14411
0.88053	0.052161
-0.96571	-0.13831
-0.75553	0.19179
-0.1796	-0.17641
-0.57513	-0.081178
-0.15236	0.04771
-0.77328	-0.14199
-0.59479	-0.0018088
-0.61739	-0.0011103
-0.52715	0.13869
0.11945	0.1775
-0.4664	0.03792
-0.84037	0.12915
-0.057052	-0.17929
-0.87461	-0.080685
0.47488	-0.069753
-0.62027	0.057674
-0.87961	0.1322
0.45978	-0.1876
-0.4653	-0.1527
-0.31831	0.018962
0.1662	-0.10336
-0.69578	-0.045094
-0.032603	0.09686
0.044669	-0.074611
0.74786	0.0098252
-0.7165	-0.067595
-0.29134	-0.075528
-0.49974	0.19296
0.93698	-0.052792
-0.24215	-0.082234
0.18069	-0.10629
0.91402	0.037598
-0.13478	-0.087765
0.76515	0.12956
-0.16039	-0.02821
0.39791	-0.12092
-0.36618	0.059934
-0.32793	0.10922
0.49053	0.1211
0.40586	0.066083
-0.72471	-0.14991
-0.15438	0.12053
-0.68236	-0.1924
-0.42334	-0.081004
0.87129	0.16221
-0.19423	0.1937
-0.50707	-0.011213
-0.36423	-0.060423
0.3623	0.074407
-0.84989	0.15232
-0.033283	-0.010451
0.60543	-0.051931
-0.56635	-0.0018136
-0.61237	-0.080517
-0.16636	-0.043708
-0.01142	-0.1941
0.059382	0.17368
0.029541	-0.12724
0.50231	-0.13919
0.26695	-0.19536
0.55711	0.16883
-0.60937	-0.083659
0.32654	-0.061927
0.181	0.0003242
0.069057	-0.15121
0.64936	-0.15544
-0.14365	-0.071998
-0.32609	-0.066844
-0.60922	0.1587
0.79484	0.043738
0.8317	-0.095972
0.38678	0.19721
0.64527	0.14313
-0.94678	-0.019733
-0.53999	-0.048732
0.41593	0.16075
0.50697	0.085038
0.69077	0.028327
-0.29831	0.092857
0.29747	-0.14622
-0.37252	0.11
0.9728	-0.050397
-0.16271	0.18016
-0.65564	-0.0059225
0.59714	0.059786
0.13674	0.018009
0.16684	-0.12486
0.022241	-0.16627
-0.18865	-0.056859
-0.60111	-0.031914
-0.90407	0.021415
-0.77128	-0.071609
-0.94068	0.062634
-0.026901	-0.11696
-0.12603	-0.080797
-0.11747	0.039891
-0.33095	0.041247
-0.19491	0.04061
0.12077	0.12722
-0.13652	0.15363
-0.48475	0.11777
0.82402	0.090578
-0.66421	-0.05644
0.64598	-0.18326
0.97179	-0.0056795
0.93759	0.14523
0.11536	0.16403
0.86798	0.013861
0.064673	0.15602
0.95361	0.19496
-0.67965	-0.17189
-0.94569	-0.18084
-0.19246	-0.15767
-0.6535	0.12288
0.68711	0.069408
0.28534	0.14547
-0.34277	0.19581
-0.86492	0.12634
-0.64375	-0.14432
0.46358	0.078097
-0.65399	0.17532
0.46355	0.14467
0.95445	-0.17308
-0.63506	-0.14586
0.50897	0.18662
0.18154	0.18184
-0.90146	0.11823
-0.78447	-0.067453
-0.6377	-0.087177
0.25601	0.011466
0.80453	-0.092313
-0.29896	0.094305
-0.57141	0.17981
0.26112	-0.00059582
0.57039	-0.01396
0.54928	0.17439
-0.22213	0.15393
0.58921	-0.10701
0.83188	-0.084884
-0.56644	0.14912
-0.21996	-0.11093
-0.81727	-0.05975
0.12177	0.18757
0.57038	0.045373
0.44237	0.18592
0.97168	-0.047073
-0.97949	0.042783
-0.32892	-0.14783
-0.16691	-0.18535
0.79756	0.045245
0.55327	0.027373
0.82974	0.052191
-0.61852	-0.029742
0.53741	0.12772
0.3333	-0.1336
-0.20713	0.13823
0.68445	0.11522
-0.42194	0.17627
0.51162	-0.16738
0.84863	0.11438
0.92915	-0.093984
0.22426	0.017387
-0.92037	-0.18348
-0.73166	-0.16393
0.93445	0.078448
-0.6308	0.070373
0.15712	-0.047169
0.74911	0.023758
0.20891	0.093012
-0.91795	0.05286
-0.016151	0.0097539
0.5466	-0.065496
0.71712	0.0032334
0.67093	-0.055409
0.38666	-0.058525
0.5319	-0.022485
-0.35879	0.088237
-0.15635	-0.19254
0.2035	-0.049783
0.30432	0.093405
0.70376	-0.14899
0.14988	0.004498
-0.89975	-0.0022083
-0.13959	0.085734
-0.019277	0.12769
0.0043019	0.049607
0.30257	0.15038
-0.6372	-0.13573
0.56059	-0.073703
-0.1854	0.072858
0.019635	0.11607
0.0008712	-0.042552
0.64227	0.032142
0.60092	-0.18979
-0.31436	-0.1633
0.48666	0.18652
-0.63597	0.081623
-0.66685	-0.16132
0.25498	-0.17662
-0.46872	0.024323
0.17342	0.0043829
0.65739	0.063714
0.81825	0.046607
0.37692	0.12253
0.92542	0.16133
-0.41871	-0.19418
0.78493	-0.030528
0.26501	0.1102
2.6888e-005	0.051658
0.4519	-0.18549
-0.87657	0.057986
-0.59309	0.17155
-0.082733	-0.025786
-0.48694	-0.17872
-0.077622	-0.18406
-0.59682	0.071294
-0.67238	-0.16814
-0.74623	0.039913
0.1025	0.023913
0.79346	-0.098162
-0.37926	0.19608
-0.22995	-0.023356
-0.77177	-0.14782
0.92827	-0.031382
-0.58114	0.16184
0.83659	0.099755
0.50097	0.18451
-0.19691	0.19357
0.53764	0.068005
0.057651	0.16572
0.94318	0.10804
0.10034	0.17756
0.33364	-0.19732
-0.47758	-0.0077058
-0.60545	0.08878
0.14476	0.12108
0.9348	0.1476
-0.78114	-0.043427
-0.55389	0.12204
0.83507	-0.13395
-0.92299	-0.08475
-0.70169	0.012245
0.64849	0.19773
-0.8959	0.01109
0.57245	-0.0049248
-0.81645	0.029454
-0.10213	-0.17442
-0.51032	0.075237
-0.97981	0.10905
0.27229	-0.051622
0.43608	-0.0055239
-0.8658	-0.039615
0.51927	0.18978
-0.66598	0.10985
0.95557	-0.137
0.22026	-0.16373
-0.12569	0.16438
-0.45381	-0.010509
0.83097	0.17202
0.17497	-0.10029
0.70984	-0.038185
0.33358	-0.16934
0.39587	-0.10113
-0.68083	-0.12711
-0.70774	-0.011872
-0.99979	0.069601
0.57164	0.17612
-0.415	0.026759
-0.95516	0.14505
0.5742	-0.13982
0.65647	0.052921
-0.78573	-0.14974
0.28106	0.072977
-0.29781	0.12185
0.70777	-0.05421
-0.55001	0.093262
0.0080833	-0.149
-0.14444	0.19469
0.34535	0.18538
0.32836	0.1205
0.75177	0.018411
0.98023	-0.16139
0.73292	-0.019902
0.14426	-0.088987
0.56638	-0.007487
-0.87649	0.16653
0.8993	0.042791
0.59501	-0.012844
0.38073	0.12581
0.99873	0.0236
-0.27785	-0.15861
0.21694	-0.19161
0.097546	0.09072
-0.54237	-0.065553
0.46649	-0.14651
0.33968	-0.029076
-0.9858	0.12442
-0.30261	-0.13329
0.048189	0.11844
-0.094524	-0.12772
-0.67115	0.19195
-0.028563	0.10228
-0.063159	-0.12643
0.48937	-0.04781
0.82126	0.053684
0.95577	-0.12985
-0.33417	0.021006
-0.35138	-0.14515
0.3005	0.074046
0.46885	0.086405
0.016775	-0.19376
-0.070458	-0.11744
-0.18005	-0.13998
-0.054803	0.11824
0.92043	0.07417
-0.29092	0.16802
0.55683	-0.056866
0.66828	-0.14299
-0.25945	0.037126
-0.51436	-0.022342
-0.83404	0.099961
0.22598	0.050411
0.072911	0.05043
-0.57707	-0.017303
-0.79073	-0.0068147
0.13652	-0.13398
0.48522	0.16564
-0.93175	-0.10785
0.00052794	0.16061
0.87303	-0.16961
0.99424	0.096168
0.19996	-0.11078
0.70732	0.089177
-0.13609	-0.0068239
0.69311	0.11137
-0.87204	0.17895
-0.31022	-0.069017
0.11067	0.034007
0.050379	-0.050225
0.72782	-0.13735
0.52059	-0.1124
-0.50333	0.12237
0.61173	-0.1038
-0.67319	0.17975
-0.35131	0.17789
-0.45304	-0.13653
-0.29686	0.15877
0.74281	0.0048706
0.38415	-0.13926
0.46125	-0.18822
0.26105	-0.18946
-0.56581	0.18004
0.41935	-0.11351
0.019611	0.17528
-0.40234	-0.059384
-0.18458	-0.070029
-0.18528	-0.17359
0.030839	0.035601
0.31859	-0.045975
0.58676	0.097897
-0.40548	0.1538
-0.85523	0.047791
0.18045	0.027989
0.79542	0.01447
0.63036	-0.0096392
0.48676	-0.0068564
-0.95771	-0.035553
-0.22971	0.055234
-0.76214	-0.080142
0.63097	-0.15451
0.64874	-0.09031
-0.61053	0.15679
0.87758	-0.084269
-0.58865	0.098227
0.5295	0.10476
-0.61287	-0.029209
-0.56358	-0.11429
-0.16583	0.0085582
0.88499	-0.16155
-0.043005	0.036643
-0.7774	-0.14524
0.19757	0.10287
0.50659	0.14928
0.28131	-0.18461
0.040863	0.03398
0.78523	-0.093962
-0.64996	-0.014251
0.047117	0.079286
-0.10211	0.16065
-0.12636	0.072477
0.26407	0.11938
0.2694	0.061062
-0.18845	-0.1367
0.69487	0.082868
0.65695	-0.039066
-0.6571	-0.18665
0.058577	0.15008
0.50193	0.069734
-0.092214	0.024343
0.15811	-0.059913
-0.60181	-0.1544
-0.66515	0.1813
0.81759	-0.13871
-0.83861	-0.12079
-0.51265	-0.15884
-0.092047	-0.09876
0.96527	0.13336
-0.62796	0.19169
-0.14819	0.13159
-0.5531	-0.0039021
0.11411	0.01741
-0.2317	-0.19823
-0.1291	-0.042613
0.16192	0.19931
-0.59312	-0.16861
-0.50027	0.11354
-0.027942	-0.15409
0.37844	-0.14516
0.41865	-0.16723
0.1955	-0.16053
-0.21882	0.0053678
0.27223	-0.1837
-0.63919	0.11162
-0.84251	0.044445
-0.095949	0.18274
-0.6076	0.12653
0.064819	0.19354
-0.58235	-0.055582
0.41449	-0.16492
0.32274	-0.19026
0.29778	-0.099729
0.718	-0.13861
-0.64058	-0.064855
-0.28178	-0.014863
0.066964	0.19997
-0.5431	0.14633
0.19822	-0.17204
-0.50935	0.079652
-0.64224	-0.097007
-0.068807	0.0012093
-0.43142	-0.075778
-0.88081	-0.0070413
0.25843	0.056276
-0.48868	-0.16718
0.78009	-0.18228
-0.96782	-0.034825
-0.16132	-0.09719
0.70524	0.13036
0.95174	0.17921
-0.070673	0.021478
0.19371	0.18671
-0.24741	0.086343
-0.22713	-0.036141
0.59156	0.17502
0.31612	-0.0038769
0.99472	0.04101
0.27626	0.058246
-0.97681	0.14433
0.68646	0.14597
-0.64165	0.15156
-0.24566	0.035707
-0.88124	0.12636
-0.95034	0.071864
-0.36688	-0.18512
-0.21492	-0.094474
-0.10053	0.17861
0.32951	-0.076448
0.026222	-0.055212
0.72028	0.053013
-0.215	0.18305
0.42585	0.043554
-0.65755	0.019718
0.61132	-0.19279
0.40424	0.1305
0.1074	0.032477
-0.96142	-0.15486
-0.59424	0.097089
0.53151	0.17814
-0.95742	0.074327
0.65141	0.013688
0.19941	0.061035
-0.46411	-0.19072
-0.27158	0.1127
-0.47097	0.18498
0.46707	-0.1981
0.0094104	0.057108
0.16066	-0.19058
0.25233	0.072068
0.96298	0.040132
0.87585	0.1025
0.41025	-0.022982
-0.8998	0.13877
-0.9818	-0.10337
0.93626	-0.1205
-0.19563	-0.096036
0.044578	-0.083012
-0.78515	0.024074
-0.07537	-0.18648
-0.75064	-0.19108
0.029723	0.10868
-0.44395	0.14989
0.47035	-0.038963
-0.82464	-0.059278
0.25101	0.11838
0.64384	0.031607
0.99008	0.012261
0.21968	0.062591
0.15778	-0.034468
-0.19624	-0.10737
-0.2438	-0.14932
0.53238	-0.052467
-0.20861	0.1796
-0.12376	-0.18823
-0.0597	-0.040328
0.6268	-0.18484
0.65286	-0.18875
0.55359	0.020492
0.14041	0.0064809
-0.073922	0.12463
-0.40395	-0.16054
0.88412	-0.16558
-0.60498	-0.084686
0.067845	-0.12207
0.26693	0.024803
0.31163	0.067634
-0.42363	-0.067601
0.010005	-0.17379
0.16096	-0.090274
-0.70811	-0.028734
0.77553	-0.12637
0.25492	0.094494
0.4032	0.16122
0.57971	0.057669
-0.78254	0.04727
-0.094462	0.069556
0.37286	-0.17717
0.58622	-0.085349
0.6644	-0.067211
0.58237	-0.015017
-0.16034	0.0063205
-0.76461	-0.17143
-0.77054	0.028666
-0.51361	0.19285
-0.27615	0.066728
0.7624	-0.097973
-0.3401	0.17604
-0.0040892	-0.03112
-0.72674	0.17082
-0.27355	0.15486
0.4887	-0.063962
-0.40393	0.19501
-0.79993	-0.14812
-0.42447	0.16059
-0.1453	-0.16387
-0.027243	-0.19883
0.125	-0.18225
0.95872	0.11359
-0.79884	-0.076069
-0.070418	-0.089018
0.48779	-0.12182
0.32773	0.11355
0.23379	0.069985
-0.75786	-0.16567
0.65073	-0.084609
0.89357	-0.023791
0.15174	0.14448
0.36966	-0.094614
0.88686	-0.1822
-0.55982	-0.18717
-0.92781	-0.089441
0.26079	-0.041982
-0.85582	0.011414
0.24386	-0.15708
0.47346	-0.094673
-0.55486	0.023093
0.51977	0.12827
-0.22535	0.1898
0.61855	0.010471
-0.018229	-0.012712
-0.37951	-0.05658
-0.447	-0.13367
-0.752	-0.1816
-0.86507	-0.14288
0.80288	0.13987
-0.0028798	-0.029772
-0.40156	0.020764
0.94071	0.17463
0.57771	-0.15212
-0.50752	0.19428
0.10884	0.045703
-0.79007	0.13237
-0.71245	-0.047685
-0.21116	0.16512
-0.95748	-0.086598
-0.37421	0.14949
0.69843	0.1055
0.48084	-0.036469
-0.53677	-0.14089
0.51364	0.1098
0.74154	0.19289
-0.99937	-0.16671
-0.34502	0.080357
-0.82447	0.15204
-0.80226	-0.19769
0.4626	-0.16954
0.97236	0.07311
0.41545	-0.04774
0.48141	0.026497
-0.99716	0.13385
0.71283	0.10096
0.60239	0.01172
0.39834	0.17564
0.83726	-0.0036871
-0.1585	0.030159
0.16271	0.075846
0.73918	-0.056382
-0.56279	-0.012531
-0.80553	0.19449
-0.53533	-0.010958
0.73525	-0.17589
-0.641	-0.17393
0.75535	-0.12302
-0.89394	0.07043
-0.41888	0.11976
-0.14735	0.054407
-0.47192	0.019359
0.37638	0.15936
-0.15842	-0.063598
-0.64635	-0.095944
0.8444	-0.12852
-0.10091	-0.077369
-0.014955	0.053824
0.65519	-0.18458
-0.24537	-0.19709
0.13825	-0.13861
-0.40069	0.056798
-0.35986	-0.19148
-0.20091	0.1291
-0.63622	-0.19602
-0.88259	-0.038104
0.3731	-0.018756
0.67963	-0.035493
0.61066	-0.12563
-0.67718	0.10755
0.70086	0.059333
-0.58196	0.012569
-0.98524	0.040908
-0.86208	-0.056943
0.97899	0.15406
-0.19705	0.11047
0.21588	0.19017
0.3205	0.12524
0.57951	0.082085
-0.1305	-0.00041161
0.67053	-0.11792
-0.47187	0.16585
-0.76721	0.17006
-0.50442	-0.15094
0.22164	-0.054116
-0.90626	0.076392
0.48681	-0.074752
-0.18703	0.048234
0.55936	-0.13209
-0.79486	-0.07029
0.82676	-0.16704
-0.69586	0.098853
0.73847	-0.17879
-0.54498	-0.12514
0.57775	-0.032987
0.20518	-0.019634
0.46598	0.017599
-0.34701	0.18691
-0.19684	-0.17236
-0.29545	-0.071325
0.34186	0.044016
-0.30328	0.17964
0.835	0.092144
-0.07126	-0.13425
0.33711	0.0082407
-0.25318	0.10182
0.87404	0.007509
0.028912	-0.19561
-0.070351	-0.098705
-0.39413	-0.13524
-0.18385	0.18817
0.010115	0.10753
-1.3193e-005	0.047538
-0.22173	0.16769
-0.59708	0.0090334
0.94562	-0.17574
0.98311	-0.14001
-0.8286	0.066334
-0.33271	0.071822
0.17898	-0.09225
0.083706	-0.049323
0.85353	-0.1757
-0.78443	0.18337
0.0026426	-0.053753
0.41476	0.16503
0.92078	-0.010937
-0.46246	0.18711
-0.62158	-0.04086
-0.93618	0.060796
-0.3332	0.19739
-0.097314	-0.083338
0.4512	0.1318
-0.70743	0.02393
0.20486	0.19111
-0.95771	-0.0094213
-0.29727	0.056079
-0.19633	0.11143
0.24583	0.085033
-0.4192	-0.043879
0.54268	0.12522
0.82188	-0.16092
-0.67778	-0.19612
0.56927	-0.16093
-0.29945	0.06271
-0.83266	-0.039552
-0.55576	0.053908
-0.71714	0.029369
-0.93587	-0.0015206
0.79614	0.043566
0.71673	-0.19231
0.13452	-0.1182
0.91983	-0.14088
-0.40988	-0.10865
-0.85867	-0.15135
0.36784	-0.14117
0.30819	0.095737
-0.32416	-0.1529
-0.17274	0.15476
0.73625	-0.084991
0.1568	-0.037826
-0.63766	-0.14487
0.85393	-0.089335
0.028466	0.15485
0.43645	0.098658
-0.61863	0.14866
0.61252	0.13797
0.61431	0.13517
0.66387	0.1796
-0.31549	0.19388
-0.52398	0.1169
-0.50025	0.0036366
0.22527	-0.079495
0.15204	-0.072306
-0.72676	-0.046635
-0.63813	0.19945
0.93238	-0.17374
0.47774	0.034556
-0.55768	-0.018769
-0.85346	0.14558
-0.14003	0.046743
0.44636	0.013239
-0.10897	0.11438
0.61495	0.034297
-0.5327	0.026964
0.8688	-0.0077659
-0.004484	-0.12134
0.63805	0.15968
-0.27341	0.1866
0.78533	-0.14827
-0.90307	-0.040441
0.070657	-0.095459
-0.46056	0.017178
-0.66501	-0.084394
-0.89193	-0.015625
-0.72646	0.19003
0.45216	-0.19086
-0.62714	-0.17956
-0.30949	0.18744
0.40543	-0.036438
0.023285	-0.013111
-0.64733	0.039465
0.35883	0.091151
0.86061	-0.019875
0.3559	-0.041328
-0.4038	0.19615
-0.61299	-0.11577
-0.55726	-0.12004
0.16109	0.033815
-0.50358	-0.071487
0.33969	0.11919
-0.83793	0.088555
0.97236	-0.052347
0.45515	-0.19726
-0.35893	0.19308
-0.56697	-0.15333
0.9863	0.19156
0.79782	0.0076521
0.95933	-0.19192
-0.55245	-0.066138
-0.95665	0.011669
-0.44592	0.11896
-0.49845	-0.18259
0.55975	-0.030651
-0.32569	0.048946
0.12091	-0.1713
0.084995	-0.17265
0.51642	-0.12802
-0.60527	-0.014413
-0.82426	0.16781
0.62632	-0.032202
0.53683	-0.013819
0.5519	0.14658
-0.13476	-0.079409
-0.84723	0.17736
0.64319	0.087402
0.018305	0.16432
-0.34244	0.056361
0.56781	0.057514
-0.89889	-0.15902
0.43161	0.14458
0.08699	-0.12793
0.038007	0.19962
0.78739	0.18399
-0.33245	-0.089493
0.52537	-0.1095
-0.14257	-0.02625
-0.21958	0.015373
-0.51637	-0.027197
-0.64653	0.1059
-0.16319	0.1783
-0.75752	-0.11773
0.41578	0.17207
-0.0040083	-0.10211
0.63297	0.17468
0.31254	0.19505
0.82375	0.19122
0.71809	-0.12764
0.98329	-0.040295
0.2308	-0.03817
-0.89594	0.073133
-0.14452	-0.049995
