1.1839	0.14136
-0.19684	-0.16063
-0.23963	0.32838
0.46937	-0.8591
-0.072254	-0.57046
-0.37532	0.22882
-0.045977	-0.24658
-0.73097	-0.22574
1.0372	-0.042378
1.2709	-0.25126
1.2427	-0.07048
0.29371	-0.55455
0.45496	-0.40104
0.56828	-0.30545
-0.7753	0.57899
-0.11342	0.56158
-0.30818	0.45121
0.38613	-0.52566
-0.31105	-0.69847
0.14669	0.7315
-0.56506	0.3107
-0.91135	-0.14448
1.3649	-0.20811
0.4708	0.23906
1.3144	-0.14541
-0.71242	0.1602
0.28583	0.49942
-0.044858	-0.21148
0.074963	-0.33479
-0.10089	-0.83153
0.26595	0.41608
-0.059142	-0.11918
0.0087869	0.91173
-0.319	-0.48519
0.52325	-0.65357
0.32446	-0.60236
-0.8238	0.11936
0.92401	0.12435
0.87052	-0.060652
-0.6638	0.62621
-0.49692	0.74804
0.33103	0.27505
-0.43695	0.7128
0.76305	0.07862
0.031611	0.70668
-0.64251	-0.75188
0.2257	0.85216
-0.58084	0.23201
-0.10281	-0.65212
0.15016	-0.13403
-0.23953	-0.66594
0.29944	-0.41876
1.181	-0.12281
0.64266	-0.013811
-0.38037	-0.12766
-0.6286	0.64816
-0.83201	-0.35536
0.42308	-0.5055
1.2551	0.067734
-0.27869	0.40804
0.6185	-0.017658
-0.33709	-0.77734
0.51902	-0.73473
-0.79845	-0.5822
-0.21051	0.63807
0.0014087	0.06184
-0.32328	-0.66197
1.062	0.20651
0.24537	0.80771
-0.14705	-0.84318
0.55221	0.67069
-0.94052	0.31125
-0.19416	0.793
1.2725	-0.12225
0.74875	-0.6145
0.77642	0.12514
-0.13982	-0.74515
0.082361	0.2836
0.2428	0.44143
0.0030303	-0.64429
-0.58779	-0.4097
-0.97326	0.092327
0.4613	-0.25684
0.075239	-0.62272
1.0393	-0.023737
0.6938	0.7057
0.14465	-0.53758
-0.14264	-0.52022
0.65663	0.74399
-0.02737	0.30516
-0.01474	0.80106
0.26437	-0.62
-0.80514	-0.27952
0.066214	0.16244
1.3595	0.16371
0.44827	-0.44757
0.14162	-0.3002
0.27082	0.50725
-0.34521	-0.71262
-0.013571	-0.99843
-0.083245	-0.56227
1.3947	-0.14244
-0.7007	-0.042255
-0.64398	-0.17756
1.0542	-0.22347
-0.83147	0.13811
-0.43972	-0.781
-0.45565	-0.26275
-0.13229	-0.0035989
0.64372	-0.48734
1.2415	0.12617
-0.77356	0.53006
-0.09971	0.11395
0.17135	-0.79651
-0.13706	-0.90381
0.3828	-0.28064
-0.25328	-0.66245
-0.91378	0.21729
0.56274	-0.01873
0.47227	-0.80092
0.5995	-0.74684
-0.15057	-0.16652
-0.68396	-0.72759
0.63781	-0.65614
-0.35084	0.18005
-0.56076	0.13942
-0.22697	-0.10434
-0.73251	0.36839
0.66434	-0.38891
-0.47836	-0.35383
0.26016	-0.83925
0.53486	0.71936
-0.54022	0.32676
0.97717	-0.17332
-0.2329	0.2608
-0.40457	-0.69156
-0.79922	0.23855
-0.42721	-0.70994
-0.1868	-0.0090442
1.0281	-0.0055516
-0.24557	0.69345
-0.13126	0.1896
-0.060973	0.64575
1.3085	-0.40342
-0.85463	-0.34877
0.31478	0.28837
0.55114	0.66098
-0.79305	0.094811
-0.85517	-0.51682
-0.87679	-0.22547
-0.16262	0.4843
1.3475	-0.37306
-0.51834	0.049126
0.18371	-0.33798
-0.40613	-0.37764
0.23232	0.96482
1.1748	-0.26396
0.69379	-0.41117
0.49572	-0.53143
-0.46217	0.18799
0.30753	-0.43883
0.6151	0.64782
-0.056439	-0.14105
-0.57503	-0.60461
-0.48054	0.29967
-0.46021	0.54612
-0.71949	0.60548
-0.52811	0.33041
0.013498	-0.74953
0.16726	-0.40502
-0.11233	-0.056066
-0.011367	-0.30211
-0.4534	0.76158
-0.31159	-0.052256
-0.94121	-0.25965
-0.92927	-0.0090678
-0.25543	-0.40258
1.4182	-0.21854
-0.40319	0.86841
-0.45033	-0.6362
-0.63475	-0.69596
0.031125	0.84415
-0.87825	-0.4183
-0.83113	-0.30963
-0.84077	0.001621
-0.8865	-0.35999
0.56996	-0.33422
1.2567	0.21869
-0.11377	-0.47986
-0.26967	0.71565
-0.28484	-0.098664
1.2777	-0.24366
-0.1642	0.42519
0.8026	0.14164
-0.12822	0.46429
-0.14887	0.54999
-0.12769	-0.25198
-0.014611	0.90081
0.93399	-0.029613
0.10049	0.29893
1.4736	0.090044
-0.15088	-0.62431
0.18183	-0.83134
0.0072577	-0.2843
-0.020674	-0.15957
1.0316	0.10708
0.53606	-0.35805
-0.51863	0.31317
-0.65937	-0.58478
-0.094034	-0.40399
-0.43074	0.19945
1.1347	0.20624
-0.197	0.20305
-0.4234	0.76817
-0.041106	0.58883
-0.86958	0.45289
0.20339	-0.91629
0.85776	-0.028397
-0.49464	0.82014
1.0567	0.069303
0.11933	-0.78833
-0.3871	0.61441
-0.055107	0.34704
-0.18159	0.72737
-0.038083	0.97903
-0.063918	0.63172
-0.27002	-0.72158
-0.28705	0.39048
-0.44584	0.87658
0.68656	0.72334
-0.61265	-0.72928
-0.43526	0.59116
0.51416	-0.33727
-0.55975	-0.43589
0.75372	0.05733
0.25759	-0.46157
-0.63154	0.47152
-0.26303	0.89903
-0.72224	-0.0029791
-0.72442	-0.0698
0.62323	0.76965
0.63835	-0.53504
0.69889	-0.42442
0.16212	0.74561
0.80386	-0.55467
0.42437	-0.29875
-0.201	0.22687
-0.22409	0.9296
-0.32135	-0.23537
-0.87951	0.21391
0.071668	-0.73915
-0.86857	0.22622
-0.087231	0.13686
-0.086635	0.26095
-0.074423	-0.14871
0.45406	0.69117
-0.68126	0.57612
0.054135	0.88137
-0.1447	-0.83688
0.056674	0.57188
0.51429	-0.46992
-0.34148	0.086933
0.0076948	-0.81964
-0.67275	0.39224
-0.84833	0.35186
0.19369	-0.23585
-0.58657	0.11879
-0.54872	0.46506
-0.32068	0.2643
0.754	0.04877
-0.53904	0.016167
0.2977	-0.27704
-0.59491	-0.29262
-0.6307	-0.11243
-0.097003	0.44119
-0.37824	-0.24892
-0.4319	-0.74493
-0.91395	0.02249
-0.75807	-0.011041
0.084355	0.24804
-0.24935	0.75191
0.62905	-0.36852
0.51245	0.36429
0.71146	0.58034
-0.44979	-0.21276
0.92025	0.16071
-0.59619	0.40812
-0.12762	-0.80662
-0.1339	0.12162
-0.4551	0.021915
-0.83514	0.31857
-0.19776	0.23303
0.22736	0.61265
0.093617	-0.15264
-0.57695	0.55098
-0.781	0.25829
-0.27486	-0.92745
0.37591	0.28993
-0.16438	0.85773
-0.70058	-0.12893
-0.1294	0.35647
-0.34734	0.19957
0.19159	0.11956
0.058147	-0.49081
-0.11707	-0.11678
0.46364	-0.73911
0.94047	-0.15691
0.31391	0.49878
-0.083314	0.92253
-0.12793	0.34003
-0.088236	0.82862
1.002	-0.038529
-0.074654	0.4439
-0.71548	0.60539
1.2524	-0.21714
0.65003	-0.66975
-0.88104	-0.42375
0.94331	0.061224
-0.14632	0.055452
1.3524	-0.024624
-0.20654	0.14727
0.11268	0.37619
-0.25421	0.54523
-0.42524	-0.25811
-0.99339	-0.027619
0.015154	-0.19808
-0.36115	0.54925
0.128	-0.685
0.069941	0.82192
-0.50379	-0.052546
0.12706	-0.50147
-0.46676	-0.19092
0.53902	-0.50566
-0.65901	-0.63557
0.021381	-0.059359
-0.64461	0.348
0.055012	0.88059
1.095	0.1338
-0.091556	0.72525
-0.036621	0.26461
0.51608	-0.74871
-0.27416	0.36488
0.14658	0.60925
-0.48792	-0.27105
-0.43052	0.46631
0.1933	-0.74499
-0.79491	0.60249
-0.10593	0.092056
-0.31715	-0.80693
-0.25899	-0.099509
-0.7985	-0.44494
-0.35947	-0.037435
0.40103	0.83264
0.064972	0.21395
-0.013049	-0.064222
0.69188	0.62903
0.98275	0.118
-0.36772	-0.79306
-0.19117	-0.95803
-0.098816	-0.32776
0.81538	-0.14538
0.65964	0.62208
0.62067	-0.66647
-0.48028	0.59222
-0.11726	-0.63861
-0.067563	0.51142
0.4755	-0.63213
-0.19968	-0.23905
0.0022484	0.26842
-0.21067	-0.64925
-0.65685	0.10503
0.34082	-0.72575
0.19194	0.37023
-0.10654	0.43202
0.18874	-0.58718
0.1674	-0.69991
-0.43838	0.5912
0.064413	0.37085
1.2341	-0.28433
0.42799	-0.71493
-0.84349	0.18563
-0.47327	-0.11171
-0.21539	0.49981
-0.03151	0.25205
0.40729	0.25215
-0.71671	-0.086514
0.7707	-0.034073
-0.41931	-0.66991
-0.072102	-0.53925
0.18864	0.80307
0.52265	-0.84807
0.10621	0.48084
0.51446	0.44588
1.0026	-0.034119
0.033294	-0.34508
-0.43085	0.17003
1.1483	-0.25113
0.8162	-0.56199
-0.082582	0.61186
0.044228	-0.51902
0.25407	0.88947
0.11868	-0.68264
-0.99329	0.024353
-0.22495	-0.69631
-0.13413	0.90019
-0.36384	-0.56757
0.32496	-0.29692
-0.32533	-0.35014
0.15125	-0.86796
0.055364	0.17801
1.0069	-0.22988
0.65978	0.48948
0.18273	0.23896
-0.83366	0.13995
1.1781	0.072348
1.1147	-0.048196
1.4842	-0.034282
-0.87008	-0.17777
1.1436	0.27617
-0.24782	-0.40071
0.1463	-0.45155
-0.57419	-0.42134
-0.38635	0.49114
0.68095	0.52382
1.181	-0.14604
0.14846	-0.57143
-0.77934	0.042791
-0.29263	-0.80775
-0.3102	0.18321
0.48128	-0.72621
-0.33775	0.74642
0.15644	0.1699
-0.79496	-0.46981
-0.92244	-0.071256
0.60849	0.39643
-0.84946	0.36238
1.327	0.30531
-0.0057483	-0.6835
-0.61123	0.41434
-0.94354	-0.19533
-0.15769	-0.93326
-0.37246	0.75042
0.13757	0.34867
0.080149	0.12172
-0.93796	-0.29956
-0.33833	-0.77201
-0.24639	0.90649
-0.51571	-0.60396
0.5317	-0.79422
0.36578	-0.4938
-0.29914	0.6668
-0.27969	0.65794
-0.7783	-0.01951
-0.8971	0.087048
1.33	-0.21307
-0.18896	-0.84307
0.08112	0.56769
-0.62191	-0.77044
-0.40834	-0.72582
-0.31617	-0.80264
0.61356	0.026839
0.81761	0.55811
-0.36519	0.22222
0.20816	0.9137
0.47389	0.63265
0.46223	-0.27791
0.64083	-0.49864
0.40789	-0.69306
-0.55583	-0.32427
0.70259	-0.074314
0.59352	0.73167
0.27274	0.39826
-0.016658	-0.48504
0.52174	0.0060464
-0.55554	-0.37889
-0.91506	-0.035207
1.1478	0.28138
1.0895	-0.17412
0.16839	-0.48595
0.052855	0.65181
0.33625	0.89606
-0.72102	0.10739
-0.14419	0.93357
0.51909	0.43171
0.87847	-0.18071
-0.57362	-0.019384
-0.76151	0.20505
-0.67335	0.29123
0.2461	0.72986
0.23816	0.75779
1.3389	0.17853
-0.40537	0.35932
-0.75309	-0.47237
0.33314	-0.38224
-0.93617	-0.27606
-0.2792	0.26506
0.12792	0.21777
-0.021521	0.098592
-0.13933	0.65248
0.31058	0.16239
-0.029786	-0.77429
-0.60897	0.48545
0.70701	0.37163
1.2948	0.068442
0.58583	0.56351
0.098672	0.92491
0.40035	0.28554
0.0075784	0.36034
-0.63004	0.20066
1.3587	-0.11491
-0.39807	0.69385
-0.30712	-0.51684
0.17641	-0.60252
0.86593	-0.48018
-0.28332	-0.41506
0.22282	0.12037
0.52881	0.54339
-0.22041	0.74944
-0.46639	-0.19482
-0.59855	-0.29639
0.19753	0.59191
-0.18136	0.15803
-0.15334	0.061303
1.3218	0.31295
1.0213	-0.17234
0.044333	-0.53684
1.082	-0.26234
0.3073	0.89802
1.3945	-0.20164
-0.8589	0.10246
0.88524	0.032405
0.67393	0.62314
0.53463	-0.82789
-0.52785	-0.42343
0.39565	-0.61033
-0.23151	0.12402
0.46643	-0.33801
0.67919	-0.45137
-0.79673	-0.14367
-0.72137	-0.63185
-0.046013	0.47247
1.4386	0.28835
-0.28733	0.23635
1.3493	0.34778
-0.73617	-0.42675
-0.72595	-0.33605
1.4022	-0.075086
-0.066507	0.031602
0.22325	-0.85713
0.20096	0.14333
0.2724	0.33364
0.14869	-0.48986
1.1095	-0.1556
-0.092207	0.85409
0.27906	0.7743
0.18317	-0.31981
0.54628	0.80295
0.14061	-0.91125
-0.78131	0.56795
0.59583	-0.38034
0.088009	-0.44509
-0.49324	0.56776
0.14829	0.34992
0.35803	-0.82837
-0.60633	-0.42305
-0.55769	-0.11896
-0.31609	-0.47307
0.02375	-0.93583
-0.83332	-0.44721
0.31727	-0.20991
0.8264	0.057072
-0.17939	-0.78542
1.1178	0.11547
-0.27154	0.64134
0.27171	0.94901
1.1139	0.052355
0.92085	-0.063562
-0.69372	-0.2829
0.66656	-0.66835
0.59869	0.69934
0.25333	-0.14886
-0.23413	0.10382
-0.099297	0.22852
1.1195	-0.23842
0.079376	0.82558
0.067729	-0.43299
0.31511	0.74746
0.10265	0.52751
-0.83493	-0.18235
-0.66038	0.549
0.31869	-0.83356
0.18318	0.40178
-0.36564	-0.84772
0.65651	0.36555
-0.074811	-0.2387
1.1476	0.13248
-0.13276	0.66927
0.65115	0.50479
-0.10523	0.058599
-0.79968	-0.018436
-0.29923	0.15079
1.3967	0.37923
0.51566	-0.28191
1.2749	-0.062654
-0.28756	-0.054791
0.74607	-0.61508
-0.87954	0.35215
-0.34682	0.59881
1.4428	0.27204
-0.59636	0.096793
-0.21635	-0.31799
-0.26003	-0.47972
-0.40407	-0.64261
0.75535	-0.38685
-0.88336	0.26912
-0.37695	-0.69303
1.1777	0.28399
-0.1256	-0.95742
0.30783	-0.19052
-0.31016	-0.093781
-0.85	-0.17746
0.0055693	-0.62816
-0.3966	0.53777
0.34081	0.29667
-0.079731	0.062843
-0.046245	0.20454
1.2578	-0.28472
-0.47464	0.77031
0.75106	0.55233
-0.16047	0.41042
1.4973	-0.002058
-0.63182	-0.58959
-0.45438	0.85032
-0.098611	-0.27058
0.64701	0.38196
0.33018	-0.37376
-0.66672	0.24117
0.36125	-0.66046
-0.49303	-0.35145
-0.29985	-0.83522
0.4155	0.49426
-0.45102	-0.6257
-0.23928	-0.16494
0.86936	-0.098168
-0.24915	0.087995
-0.38687	-0.8618
-0.13638	-0.35662
-0.15877	0.22008
-0.40842	0.89822
-0.27366	0.46072
0.54789	-0.67127
0.82922	0.041204
-0.83015	0.50908
-0.31879	0.037545
0.1041	-0.97807
-0.40211	-0.49353
-0.1871	-0.67621
0.56126	0.53765
-0.95352	0.23769
0.10861	0.83846
-0.62188	0.045167
0.1234	-0.87872
-0.088117	-0.70005
-0.27918	0.35911
-0.15712	-0.46125
-0.65735	-0.24662
-0.059878	-0.87851
-0.36525	0.91686
-0.7697	-0.26877
-0.38351	0.82513
0.86038	-0.054683
1.1233	-0.2043
-0.46084	0.30398
0.33471	-0.41669
-0.56596	0.65902
-0.066602	0.11965
1.1343	-0.047107
-0.89518	0.28039
0.69496	0.55717
0.27281	0.42517
-0.83921	-0.2194
-0.64418	0.62612
0.41783	0.31355
0.95975	-0.19776
-0.92928	0.26954
-0.40454	0.14684
1.3603	-0.0076029
1.1898	0.21783
-0.73173	-0.59099
-0.24517	-0.70438
-0.53238	-0.54327
0.30054	-0.75675
-0.60019	0.47868
-0.65898	-0.42495
0.94565	-0.18913
0.018886	-0.72437
-0.58047	-0.44667
0.018636	0.77423
-0.77962	0.49329
0.25202	0.68987
-0.22762	0.67584
0.384	0.89802
-0.15153	0.96939
-0.86899	0.018183
1.3247	-0.39747
1.374	-0.36153
-0.61294	-0.23318
1.2034	-0.093846
-0.44479	0.23372
0.84976	0.066197
0.48878	0.57191
1.4493	0.17148
-0.60098	0.13482
-0.70821	-0.038829
0.35791	0.93302
-0.55669	-0.74137
-0.30064	-0.20221
0.73643	0.085891
-0.32805	-0.42197
1.0187	-0.078125
1.3097	-0.18219
-0.019763	-0.065556
-0.15965	0.19733
0.76348	0.45576
-0.23936	-0.099376
0.19517	0.98075
0.24776	-0.57884
0.16218	-0.60022
-0.2253	0.16907
-0.57608	-0.35743
-0.25368	0.59597
0.43056	0.44278
0.48617	-0.26174
-0.11793	-0.76665
-0.10806	0.95782
-0.084216	0.03826
0.47549	-0.33069
-0.48517	0.058344
-0.23319	0.59482
1.2036	-0.15325
0.057535	0.24473
-0.20005	-0.86325
-0.29745	-0.64009
1.3144	-0.072063
0.43995	0.83905
0.17283	-0.16101
1.294	-0.069094
0.63769	0.73289
-0.38732	-0.39704
0.25446	0.8868
0.75286	0.43701
-0.26762	0.28757
0.13615	-0.7951
0.22991	0.72288
0.17569	-0.63967
0.16859	0.91995
-0.54793	-0.44747
-0.17264	-0.13125
0.9503	0.076865
0.24778	-0.13598
0.48395	0.52948
-0.18068	0.8915
-0.61887	-0.58863
0.62276	-0.51057
-0.24499	0.95611
0.4745	-0.6382
1.3557	-0.20148
-0.7798	-0.19085
-0.1368	0.36567
1.2847	-0.24997
-0.21152	0.51528
1.4121	0.25522
0.33942	-0.58977
1.0608	-0.27879
1.2498	0.30081
-0.0483	-0.25146
0.22091	-0.32827
-0.37436	0.11625
0.13888	-0.21091
0.099529	-0.77455
1.2874	0.10127
1.1572	0.05256
-0.52132	-0.61775
0.15042	-0.56246
0.0896	0.75412
-0.0992	0.48939
0.62853	0.48782
-0.31407	0.74886
-0.5537	0.01909
-0.087317	0.85332
0.47067	-0.30297
1.0128	0.033076
0.89176	-0.092358
0.36147	-0.25363
-0.056328	-0.97247
-0.70888	-0.25942
-0.084185	-0.099671
-0.34744	0.72958
1.123	0.1088
-0.48228	0.62777
0.14079	0.84255
0.31945	0.81111
-0.92174	0.26761
0.38303	-0.36169
-0.39491	-0.88589
0.46416	-0.27021
-0.47869	0.5821
0.60253	-0.61244
0.65704	0.64923
1.406	-0.41413
-0.9513	-0.22766
-0.49191	-0.24682
0.42943	-0.36033
-0.5037	-0.14048
-0.40184	-0.5031
0.22191	0.39866
-0.29013	0.25328
-0.15806	0.88473
-0.56711	-0.33101
0.66287	0.72078
1.4116	0.086379
1.3961	-0.23149
-0.63196	0.054347
0.70252	-0.58364
-0.40828	-0.86225
-0.028497	0.1534
-0.94375	0.18915
-0.9495	0.028767
-0.31586	-0.50728
-0.6362	0.15862
-0.61896	-0.035445
-0.90804	0.28394
0.98931	0.1342
-0.2183	-0.41941
0.1221	0.12327
0.068894	-0.25596
-0.10611	0.10562
-0.31307	-0.91997
0.73696	-0.0028171
0.55721	0.65241
1.1712	-0.053555
-0.90816	-0.094254
1.024	-0.1273
0.53849	0.44355
0.46836	0.78601
-0.26443	0.50026
-0.3087	-0.11051
-0.26115	0.71809
-0.61775	0.28367
-0.50932	-0.43361
-0.1043	0.33976
-0.6552	-0.27433
-0.02264	-0.65747
-0.51827	-0.10973
-0.54797	-0.21657
0.84474	0.10673
0.11963	-0.19146
1.0978	0.096624
-0.11325	-0.0341
-0.50576	0.0079789
-0.23419	0.10087
0.032035	-0.68983
0.90489	0.10391
0.12185	-0.35458
-0.032406	0.64721
-0.64246	-0.26087
0.16743	-0.48927
-0.0060406	0.88265
0.47491	0.66224
-0.25921	0.19128
-0.44429	0.58583
1.3999	0.011439
0.36542	0.2548
-0.3707	0.42343
-0.33946	0.51775
1.2122	-0.21605
-0.13008	0.50695
-0.23166	0.23253
0.96357	0.16419
-0.74446	-0.39414
-0.11328	-0.33775
0.15692	-0.54895
-0.63059	-0.22307
-0.2803	0.88208
-0.73722	-0.66782
-0.4606	-0.10222
1.1959	-0.024396
-0.79386	-0.017232
-0.47949	0.37787
1.0539	0.17666
-0.40182	0.056048
1.047	0.0012839
0.73729	-0.42153
-0.35782	-0.71896
0.090174	0.45848
-0.44822	-0.24742
1.2245	-0.34414
1.2531	0.10163
-0.32499	0.016551
-0.09363	0.17525
0.36788	-0.59394
1.3805	-0.41665
-0.75553	0.33083
-0.1796	0.27307
-0.57513	-0.54003
-0.15236	-0.3064
-0.77328	0.35835
0.11945	-0.99167
-0.057052	0.36188
-0.87461	0.051002
0.47488	-0.804
-0.4653	-0.78926
-0.31831	0.94628
0.1662	0.16746
-0.69578	0.56292
-0.032603	-0.99097
0.044669	0.7365
0.74786	0.432
-0.7165	0.66834
-0.29134	0.79481
-0.49974	0.41493
1.437	-0.26351
-0.24215	-0.84935
-0.13478	0.40134
-0.16039	-0.21314
0.89791	-0.19051
-0.36618	0.031378
-0.32793	-0.62516
0.40586	-0.72932
-0.72471	0.31033
-0.15438	-0.34185
-0.68236	0.54204
-0.42334	0.11984
1.3713	0.078429
-0.19423	0.16112
-0.50707	-0.083945
-0.36423	-0.86719
0.3623	-0.79176
-0.033283	0.36888
1.1054	-0.20528
-0.56635	-0.12873
-0.61237	0.35469
-0.16636	-0.68749
-0.01142	-0.67698
0.059382	0.061945
0.029541	-0.88961
0.50231	0.25401
0.26695	-0.81103
0.32654	-0.19142
0.181	0.84634
0.069057	0.49678
0.64936	-0.65818
-0.14365	-0.061284
-0.32609	0.00561
-0.60922	0.28647
1.3317	-0.35842
0.88678	0.019969
0.64527	-0.3833
-0.94678	-0.15477
-0.53999	0.71107
0.50697	0.6834
1.1908	-0.033897
-0.29831	0.2916
-0.37252	0.025878
-0.16271	-0.6599
0.59714	-0.77704
0.13674	0.21248
0.16684	-0.91556
0.022241	0.21805
-0.18865	0.84785
-0.60111	-0.15106
-0.77128	-0.095359
-0.026901	-0.94943
-0.12603	0.88109
-0.11747	0.49004
-0.33095	0.1478
-0.19491	0.12583
0.12077	0.84506
-0.13652	0.96174
-0.48475	-0.036037
1.324	0.33416
-0.66421	0.30261
1.146	-0.043994
1.4376	-0.3244
0.11536	-0.13497
1.368	-0.3736
0.064673	0.87276
-0.19246	-0.65322
-0.6535	-0.74338
1.1871	-0.061678
0.28534	-0.61935
-0.34277	0.60111
-0.64375	-0.025893
0.46358	0.81564
-0.65399	0.41714
-0.63506	0.031929
0.50897	0.62453
0.18154	0.52552
-0.78447	-0.52746
0.75601	0.083915
1.3045	0.36404
-0.29896	0.49044
-0.57141	0.76991
0.76112	-0.068563
0.57039	-0.33488
0.54928	-0.31944
-0.22213	-0.75898
1.0892	-0.16743
1.3319	0.069638
-0.56644	0.40116
-0.21996	0.30806
-0.81727	-0.49374
0.12177	-0.28914
0.57038	0.36246
0.94237	-0.08087
-0.32892	0.60223
-0.16691	-0.36717
0.55327	0.65606
0.82974	0.4694
0.53741	0.45705
0.3333	-0.39703
-0.20713	-0.81395
1.1845	-0.084123
-0.42194	0.14668
0.51162	-0.77175
0.22426	-0.47918
-0.73166	0.57546
1.4345	-0.16248
0.15712	-0.14312
0.74911	0.65972
0.70891	-0.023917
-0.91795	0.023094
-0.016151	0.14607
1.2171	-0.24078
0.38666	-0.73077
1.0319	-0.1329
-0.35879	0.41668
-0.15635	-0.93297
0.2035	-0.46839
0.30432	-0.16425
0.70376	-0.54211
0.14988	0.73523
-0.13959	0.82509
-0.019277	-0.76115
0.0043019	-0.71751
0.30257	0.81447
-0.1854	0.57548
0.019635	0.035602
0.0008712	0.35939
1.1423	0.22759
-0.31436	0.31486
0.98666	-0.1199
0.25498	0.75125
-0.46872	0.21834
0.17342	-0.29319
1.1574	0.29548
1.3183	0.14959
0.87692	0.087145
-0.41871	0.54764
1.2849	0.2488
0.26501	-0.42368
2.6888e-005	-0.75441
0.4519	0.60212
-0.87657	-0.19114
-0.59309	-0.50016
-0.082733	-0.18669
-0.48694	0.22155
-0.077622	-0.36204
-0.67238	-0.33301
0.1025	-0.82869
1.2935	0.22851
-0.37926	0.53508
-0.22995	-0.88752
-0.77177	-0.46943
1.4283	0.35217
1.3366	-0.17339
1.001	-0.21104
-0.19691	-0.95512
0.53764	-0.69419
0.057651	0.8089
0.10034	0.89539
0.33364	0.78354
0.14476	0.28182
-0.78114	-0.56274
-0.55389	0.10256
1.3351	-0.20577
-0.92299	-0.37921
-0.70169	0.53381
1.1485	-0.2621
1.0725	0.16794
-0.81645	0.52575
-0.10213	0.29005
-0.51032	0.7931
0.27229	-0.7647
0.43608	-0.24649
-0.66598	-0.23138
0.22026	-0.6412
-0.12569	-0.68273
-0.45381	-0.65504
0.17497	-0.3984
1.2098	0.077284
0.33358	0.91958
0.39587	-0.57606
-0.68083	0.15672
-0.70774	0.0090985
1.0716	-0.17658
-0.415	0.15944
0.5742	0.81753
1.1565	0.22381
-0.78573	-0.47659
0.78106	-0.098435
-0.29781	-0.40323
0.0080833	-0.40403
-0.14444	-0.52125
0.34535	-0.58252
0.32836	-0.46865
0.75177	-0.61996
0.73292	-0.4868
0.14426	0.30236
1.0664	-0.21852
1.3993	-0.15841
0.59501	-0.44613
0.88073	-0.1559
-0.27785	-0.82728
0.71694	-0.093344
0.097546	-0.83146
-0.54237	-0.36638
0.46649	0.3165
0.33968	-0.59921
-0.30261	0.11393
0.048189	0.82704
-0.094524	0.12858
-0.028563	0.26621
-0.063159	0.11317
0.98937	0.044407
1.3213	0.35304
-0.33417	-0.90396
-0.35138	-0.89482
0.3005	0.82248
0.46885	-0.58364
0.016775	0.7469
-0.070458	-0.77909
-0.18005	-0.23851
-0.054803	-0.68364
1.4204	0.083021
-0.29092	-0.67166
0.55683	-0.64663
1.1683	0.049125
-0.25945	-0.35601
-0.51436	0.55929
-0.83404	0.050158
0.072911	0.093115
-0.79073	-0.2028
0.13652	-0.54313
0.48522	-0.4511
-0.93175	0.32652
0.00052794	-0.1934
1.373	-0.43565
1.4942	0.0019606
0.19996	0.95134
-0.13609	0.82122
1.1931	0.27449
-0.31022	0.20532
0.11067	0.80651
0.050379	-0.91916
0.72782	-0.3804
0.52059	0.6957
-0.50333	0.64635
-0.67319	-0.096159
-0.35131	-0.14676
-0.45304	-0.63836
-0.29686	-0.8651
1.2428	0.23833
0.38415	-0.34969
0.46125	0.76413
0.26105	0.6721
-0.56581	-0.054198
0.019611	0.59249
-0.40234	-0.017557
-0.18458	0.92061
-0.18528	0.65148
0.030839	-0.49634
0.81859	0.04521
1.0868	-0.15585
-0.40548	0.65622
0.18045	-0.88011
1.2954	0.051865
1.1304	-0.30033
0.48676	0.35042
-0.22971	0.26446
1.131	-0.2688
1.1487	0.30934
0.87758	-0.4776
0.5295	0.81197
-0.61287	0.70073
-0.16583	0.75872
1.385	-0.23068
-0.043005	0.95494
-0.7774	-0.36802
0.19757	0.66381
0.50659	0.617
0.78131	-0.015205
0.040863	0.44501
-0.64996	-0.23361
0.047117	-0.32186
-0.10211	0.57031
-0.12636	-0.85727
0.26407	-0.19342
0.2694	-0.7993
-0.18845	0.23017
0.69487	0.50565
0.65695	0.43508
-0.6571	0.3243
0.058577	0.55485
0.50193	-0.57967
-0.092214	-0.56488
0.65811	-0.021687
-0.60181	-0.48988
-0.66515	0.57908
0.81759	0.53339
-0.51265	0.83453
-0.092047	-0.13757
1.4653	-0.13655
-0.14819	-0.55363
-0.5531	-0.78646
0.11411	-0.10741
-0.2317	0.69581
-0.1291	0.46479
0.16192	-0.26493
-0.59312	-0.71076
-0.50027	0.29409
-0.027942	0.76372
0.87844	-0.13608
0.1955	0.50955
-0.21882	-0.07457
0.27223	0.69708
-0.63919	-0.1135
-0.84251	0.44575
-0.095949	-0.27127
-0.6076	0.74318
0.064819	0.62459
-0.58235	-0.56799
0.41449	-0.27925
0.32274	0.70338
0.29778	-0.29623
0.718	-0.68358
-0.28178	-0.61393
0.066964	-0.40312
-0.5431	0.75835
0.19822	-0.4649
-0.50935	0.42519
-0.64224	0.1229
-0.068807	-0.43718
-0.43142	0.34977
0.25843	0.30325
-0.48868	0.71252
-0.16132	-0.14555
1.2052	-0.27911
-0.070673	0.23291
0.19371	0.50939
-0.24741	-0.65856
-0.22713	-0.3452
1.0916	0.21091
0.31612	0.68359
0.27626	0.30239
-0.97681	0.18592
-0.64165	0.50222
-0.24566	0.75808
-0.36688	0.25031
-0.21492	0.91976
-0.10053	0.48961
0.32951	0.82371
0.026222	0.16986
-0.215	0.077983
0.42585	0.66231
-0.65755	-0.4895
0.40424	-0.58106
0.1074	0.077676
-0.59424	0.18387
0.53151	0.35826
0.19941	0.34149
-0.46411	-0.65729
-0.47097	-0.8754
0.46707	-0.8628
0.0094104	0.94425
0.66066	0.04152
0.25233	-0.17774
1.3758	-0.12573
0.41025	0.82534
1.4363	0.28079
-0.19563	-0.72559
0.044578	0.94105
-0.78515	0.22775
-0.07537	-0.22135
-0.75064	-0.27454
0.029723	-0.25223
-0.44395	0.74265
0.47035	-0.31953
-0.82464	-0.31996
0.25101	0.35765
0.21968	0.81702
0.15778	-0.34137
-0.19624	0.56806
-0.2438	-0.56305
-0.20861	0.45791
-0.12376	0.045693
-0.0597	-0.032014
1.1268	-0.067387
0.65286	-0.56907
0.55359	-0.37397
0.14041	0.70644
-0.073922	-0.91325
-0.60498	-0.63191
0.067845	-0.4967
0.76693	-0.044347
0.31163	0.65888
-0.42363	-0.24409
0.010005	-0.3503
0.16096	0.52227
-0.70811	-0.14975
0.75492	-0.066206
0.4032	-0.72847
0.57971	0.5466
-0.094462	-0.79841
0.37286	-0.86909
1.1644	-0.013522
0.58237	0.73157
-0.16034	-0.4431
-0.77054	0.33855
-0.51361	0.016865
-0.27615	-0.55266
0.7624	-0.53064
-0.3401	-0.49225
-0.0040892	0.77512
-0.72674	-0.6095
-0.27355	0.18767
0.9887	0.21888
-0.40393	0.69055
-0.79993	0.15481
-0.42447	-0.10196
-0.1453	0.31788
-0.027243	0.56761
0.125	-0.14364
1.4587	-0.083051
-0.79884	0.16525
-0.070418	-0.63749
0.48779	-0.2471
0.32773	0.94057
0.23379	0.20384
-0.75786	-0.023269
0.15174	0.46016
0.86966	-0.03572
1.3869	-0.34229
0.26079	-0.82959
0.24386	-0.78267
0.47346	-0.34339
-0.55486	0.72636
1.0198	-0.11432
-0.22535	0.63169
-0.018229	-0.52045
-0.37951	0.87083
-0.447	0.095336
-0.752	0.30558
-0.86507	-0.14918
-0.0028798	0.32656
-0.40156	0.44177
0.57771	-0.5813
-0.50752	0.078746
0.10884	-0.52174
-0.71245	0.32145
-0.21116	0.60407
-0.37421	0.61256
0.69843	-0.65756
0.48084	0.41353
-0.53677	0.18126
0.51364	0.4497
1.2415	0.032446
-0.82447	0.13104
-0.80226	0.38228
1.4724	-0.022975
0.91545	-0.13608
0.48141	0.83848
1.2128	0.30303
0.39834	-0.33095
1.3373	-0.32425
-0.1585	0.32729
0.16271	0.72993
1.2392	-0.13683
-0.56279	0.31266
-0.53533	-0.81335
1.2353	0.053483
0.75535	-0.61944
-0.41888	0.18971
-0.14735	0.4203
-0.47192	-0.018353
0.37638	-0.45267
-0.15842	-0.017854
-0.64635	-0.068218
0.8444	-0.53311
-0.10091	-0.041707
-0.014955	-0.97758
1.1552	-0.23813
-0.24537	-0.2496
0.13825	-0.96442
-0.35986	0.70952
-0.20091	0.92947
-0.63622	-0.44685
-0.88259	-0.15581
0.3731	-0.62383
0.61066	-0.74652
-0.67718	-0.7225
-0.58196	0.40597
-0.19705	0.1307
0.21588	0.66545
0.3205	0.19099
1.0795	0.024585
-0.1305	-0.79415
-0.47187	-0.17849
-0.76721	0.18676
0.22164	0.17503
-0.90626	-0.22763
0.98681	0.16677
-0.18703	0.88562
0.55936	0.57838
-0.69586	-0.55717
0.73847	-0.38331
-0.54498	-0.31651
0.57775	0.35114
0.20518	-0.33449
0.96598	0.21978
-0.34701	-0.20163
-0.19684	-0.71894
-0.29545	0.76626
0.34186	0.60764
-0.30328	0.59076
-0.07126	-0.37907
-0.25318	-0.51737
0.028912	-0.62009
-0.070351	0.063657
-0.39413	-0.12423
-0.18385	0.028217
0.010115	0.2368
-1.3193e-005	-0.058828
-0.22173	-0.71458
-0.59708	0.036217
-0.33271	-0.66506
0.17898	0.41531
0.083706	0.074689
-0.78443	-0.50222
0.0026426	-0.73428
1.4208	-0.17796
-0.62158	-0.24183
-0.3332	0.28601
-0.097314	0.93661
0.4512	-0.34157
0.70486	-0.048994
-0.29727	0.88081
-0.19633	-0.25058
0.24583	0.55262
-0.4192	-0.15235
0.54268	-0.54745
1.0693	0.28105
-0.29945	-0.34915
-0.83266	-0.18012
-0.55576	0.67908
1.2961	-0.02691
1.2167	-0.28432
0.13452	-0.60077
-0.40988	-0.85248
-0.85867	0.37063
0.36784	-0.80502
0.80819	-0.0091565
-0.32416	0.10626
-0.17274	-0.11331
0.73625	-0.45253
0.1568	0.25877
0.028466	-0.38753
0.43645	0.74964
-0.61863	-0.7625
0.61252	0.6529
0.61431	-0.6492
-0.31549	-0.60459
-0.52398	0.61579
-0.50025	-0.37954
0.15204	0.12654
0.47774	0.29862
-0.14003	0.35985
0.94636	-0.036013
-0.10897	0.72429
-0.5327	-0.62989
-0.004484	-0.94315
0.63805	0.54255
-0.27341	0.70643
-0.90307	-0.03811
0.070657	-0.51281
-0.46056	-0.7514
0.45216	0.33623
-0.30949	0.28998
0.40543	-0.28671
0.023285	-0.681
-0.64733	0.369
0.35883	-0.20519
0.3559	-0.66038
-0.61299	0.25268
0.16109	-0.26158
-0.50358	-0.43667
0.33969	0.81986
1.4724	0.16319
0.45515	0.8178
-0.35893	0.68827
-0.56697	-0.3238
1.4863	-0.10965
-0.55245	-0.38046
-0.44592	-0.28989
-0.49845	-0.099371
1.0597	-0.12248
-0.32569	-0.46188
0.12091	-0.79921
0.084995	-0.2767
0.51642	-0.45205
-0.60527	0.32966
-0.82426	0.51377
0.5519	0.70109
-0.13476	-0.85327
0.018305	-0.17326
-0.34244	-0.033197
1.0678	0.065187
-0.89889	-0.40118
0.43161	-0.61889
0.08699	0.33895
0.038007	0.66817
1.2874	-0.1111
-0.33245	0.69727
-0.14257	-0.72603
-0.21958	-0.39332
-0.51637	-0.56888
-0.16319	0.17543
-0.75752	0.38997
0.91578	0.20661
-0.0040083	0.47701
0.31254	-0.75893
1.2181	0.11216
0.2308	0.11803
-0.89594	-0.20131
-0.14452	0.61414
1.3943	0.20871
1.0511	-0.20174
0.21357	-0.6413
-0.57877	-0.33449
1.1788	0.29477
0.33749	0.19346
0.17553	-0.50874
0.11783	-0.44817
0.33025	-0.41669
0.48641	0.65769
-0.86105	-0.24177
0.39515	0.50265
-0.78941	-0.017629
0.34026	-0.29004
0.71477	-0.66589
-0.89726	0.42758
-0.3119	0.3736
-0.098209	-0.85427
-0.59786	0.2976
-0.24797	-0.17594
0.42139	0.89457
0.29771	-0.95056
-0.304	-0.075017
-0.24718	0.09781
-0.30186	-0.103
-0.36817	-0.1422
0.71649	0.045833
0.48758	0.323
0.68933	0.70537
-0.36854	-0.88278
-0.1161	-0.88007
1.2326	-0.34241
0.21561	-0.86021
-0.20197	0.40882
-0.66593	0.073231
-0.30821	0.79879
-0.020011	-0.79944
-0.33303	-0.12372
0.245	-0.44405
-0.33437	0.87602
0.19689	-0.65054
-0.86251	0.37961
-0.19124	0.10816
-0.12011	-0.089391
-0.66731	-0.39409
0.49833	0.60492
-0.21657	0.92678
0.18085	0.37317
-0.52861	-0.18382
-0.32097	0.52825
-0.61735	0.32771
0.19132	-0.12698
-0.44853	-0.12374
-0.38662	0.2678
0.15904	0.95708
0.016616	-0.77299
-0.73526	0.31823
0.51847	0.49219
-0.11096	0.22506
-0.20758	-0.76758
0.4469	0.29487
-0.90689	-0.19086
-0.14758	0.15224
-0.41818	0.71454
-0.39638	-0.68346
-0.007614	-0.87382
0.032234	-0.30735
-0.24865	0.39322
1.3664	-0.34002
-0.58554	-0.66445
-0.3219	0.68945
-0.11921	-0.36822
0.40052	-0.6359
-0.53352	0.44399
-0.79322	0.20248
0.37102	-0.87171
-0.23659	-0.86146
-0.2897	-0.492
-0.81709	-0.29843
-0.89319	0.26788
0.13508	0.19595
0.3571	-0.64419
1.207	-0.11779
0.45642	0.34927
-0.97393	0.15051
-0.76851	-0.46246
-0.36317	-0.55609
0.17779	-0.22797
0.14185	0.57214
0.097053	-0.11301
-0.1276	-0.45696
-0.62025	-0.12579
-0.5306	-0.21776
0.75591	0.055055
0.72567	-0.60879
0.88838	0.057004
-0.42983	0.060696
-0.12499	0.1213
-0.66215	0.68918
1.4785	-0.1214
-0.39969	-0.41424
0.85396	-0.1336
-0.53345	0.58676
0.24885	-0.2898
0.36444	-0.72672
-0.89915	0.02711
0.058064	-0.35563
-0.12286	0.93013
-0.38559	-0.6092
0.29091	-0.60803
-0.29247	0.36345
0.39998	0.54539
0.43886	0.38714
-0.053389	0.69247
0.69913	0.35598
-0.90485	-0.38664
0.1911	-0.2317
-0.21736	-0.11473
1.3023	-0.3347
-0.11749	0.69826
-0.68205	-0.41863
1.2568	0.13271
0.15481	0.3875
-0.098738	0.79256
0.51145	0.59112
-0.123	0.96938
1.3202	0.36839
-0.58295	-0.52937
0.37644	0.80595
0.74489	-0.44357
1.3107	0.22038
-0.70268	-0.052797
-0.020413	0.64476
-0.35576	0.24891
0.70387	-0.55966
-0.0095261	-0.13633
-0.10581	0.63292
-0.39112	-0.57192
0.40145	-0.26169
-0.86234	-0.23937
-0.77845	0.2053
0.60697	0.52641
-0.61527	-0.6566
-0.77448	0.50512
-0.74755	-0.39252
-0.054182	0.90692
-0.63091	0.64379
0.28545	0.17703
-0.51293	-0.71498
0.69902	0.69898
0.45719	-0.26165
-0.0028456	0.51439
0.17389	-0.66374
0.6512	0.55388
-0.88062	0.15603
-0.58173	0.46436
0.84098	0.47447
0.38409	0.3678
-0.64626	-0.31936
0.34865	0.44983
-0.27495	0.3701
1.3392	0.33407
0.12784	0.74864
1.1832	0.33894
0.53178	0.62843
-0.33136	-0.059991
1.2964	-0.26656
-0.073112	-0.033802
-0.79223	-0.11806
-0.76136	0.53856
-0.11891	-0.44561
-0.56055	0.70828
1.256	0.019443
0.13742	0.78306
-0.32804	0.88067
0.62155	-0.5273
0.39282	-0.3161
0.19072	-0.763
-0.55779	0.29458
0.33467	0.81402
-0.56456	-0.22177
-0.59603	0.60218
0.45627	0.83004
0.578	0.55044
0.47443	-0.80425
-0.19674	0.89077
0.60149	0.048511
-0.29783	-0.68342
0.34669	-0.23366
-0.59906	-0.11385
-0.42693	0.56071
1.0961	-0.11107
0.42734	-0.67884
0.30136	0.65789
0.71394	-0.63941
-0.84719	-0.49578
-0.68547	-0.62008
-0.67023	0.38405
-0.5179	0.76974
-0.12526	0.4559
1.2506	0.36634
-0.94658	-0.051284
1.3331	0.062521
-0.37584	0.78347
-0.66643	-0.30135
-0.012193	0.28275
-0.92073	0.13403
-0.70747	0.60452
-0.48061	0.1102
0.93665	0.13224
0.76619	0.52758
0.3601	-0.7667
0.25943	0.14569
0.18701	0.62506
-0.17419	0.46242
0.92667	-0.13235
0.60381	-0.6387
0.17536	-0.58719
1.1803	-0.068906
-0.46559	-0.10683
0.76908	0.56181
-0.10342	0.3159
-0.15653	-0.63972
-0.72041	0.23205
0.54975	0.0012437
0.066602	0.9036
-0.6221	0.77757
0.32588	0.61155
-0.85368	0.35171
0.20619	-0.86302
-0.49619	-0.74901
0.52395	-0.64071
-0.033739	-0.32929
-0.97174	-0.014693
-0.070478	-0.94293
-0.51766	0.13127
-0.33191	0.30688
-0.38196	-0.30319
0.45969	0.31068
0.043744	-0.35823
0.3299	-0.8535
-0.3224	-0.77859
-0.55616	0.28613
0.83947	0.51206
-0.97383	0.22503
1.2648	0.083702
0.25721	0.77406
1.3613	-0.41914
-0.041602	-0.4138
1.2595	0.22596
-0.80265	-0.31262
-0.13736	-0.12851
-0.58131	0.091095
-0.041546	-0.96898
-0.25754	0.3711
-0.028373	-0.0029242
-0.46319	-0.7721
-0.37223	-0.58658
-0.04855	-0.65984
0.022764	0.1058
1.1028	0.16964
-0.37839	-0.76828
0.42571	-0.48483
-0.3441	-0.74737
-0.52671	0.65926
-0.44859	0.24523
0.60644	-0.47788
1.0072	0.23122
1.3601	0.19363
0.090643	0.41317
-0.56802	0.13273
-0.87128	0.01524
0.90254	0.14418
-0.48316	-0.83681
-0.44451	-0.28652
-0.14901	0.54274
-0.46592	-0.19378
0.76551	0.56185
-0.047522	-0.95506
-0.69729	0.36832
0.72678	0.37902
1.4441	0.17833
-0.33101	-0.7627
0.66793	-0.73631
-0.056767	0.91164
-0.078624	-0.042187
1.31	-0.23637
-0.84267	0.3446
-0.71384	-0.2391
0.52842	-0.52383
-0.89303	0.043535
1.2831	-0.31052
-0.095356	-0.9613
-0.64925	-0.59168
0.061831	-0.36849
-0.57115	-0.70474
0.6833	-0.51648
0.15605	-0.50127
-0.38619	-0.6404
0.65469	-0.38053
-0.66468	0.37124
0.7842	-0.60288
0.1067	-0.61004
-0.94976	-0.14734
-0.60842	-0.39253
0.30699	0.6957
-0.49245	0.70196
-0.5805	-0.099409
-0.48847	-0.76474
0.30562	-0.79437
-0.348	0.53738
-0.85752	-0.33701
-0.3604	-0.15561
0.79924	0.59982
0.83321	0.063273
0.2404	-0.56776
0.32264	-0.34814
0.26601	0.39577
1.2589	-0.36284
-0.68391	-0.28302
-0.48716	-0.67321
0.3631	-0.68011
0.64789	-0.6186
0.84677	-0.066534
0.21827	-0.23303
0.5347	-0.45208
1.1702	-0.17737
1.3088	-0.18125
-0.70695	-0.29833
0.84406	-0.091623
1.1589	0.0948
0.080865	-0.7014
-0.90134	-0.41267
-0.74475	0.28838
-0.37371	-0.7334
-0.88079	-0.27143
1.064	0.12213
-0.34937	-0.20843
0.13716	0.95557
-0.69021	0.27227
-0.33235	0.074451
0.1656	-0.70084
0.032633	0.94603
0.96098	-0.087405
1.3652	0.13077
1.2591	-0.076917
-0.47459	-0.73875
-0.42187	-0.24498
-0.29929	0.61285
-0.089066	0.18069
1.2734	-0.11977
0.61335	-0.32692
0.61117	-0.5568
0.0010934	-0.1174
0.87956	0.061778
-0.78645	0.29953
0.089122	0.19433
-0.12725	0.026296
-0.77436	-0.046485
-0.64282	0.72042
0.14011	0.17889
0.14812	0.87598
-0.48531	0.67907
0.51755	0.46748
0.4296	0.85761
0.28102	-0.17011
0.25731	0.73286
0.57443	-0.79836
1.0279	-0.1079
0.74886	0.5073
0.054575	0.16011
-0.38844	0.49841
-0.44723	0.85107
-0.5257	-0.10208
0.50732	0.39923
1.0398	-0.18423
-0.36183	-0.78854
-0.13897	0.67114
0.82646	-0.1025
-0.97717	0.14391
0.64139	0.62363
-0.16614	-0.67593
-0.28532	-0.35637
0.67417	0.54224
0.70102	-0.56905
-0.0044852	0.033535
0.61761	-0.38401
0.64989	-0.055332
-0.85577	0.033481
0.98263	0.135
-0.086574	0.26414
-0.96569	-0.16413
-0.33456	-0.50607
-0.076056	-0.76875
-0.27907	-0.42579
-0.28912	-0.29881
1.2819	-0.047268
-0.18158	-0.43453
0.24824	0.88769
0.11452	-0.52747
0.31077	-0.43259
0.039565	-0.90174
0.63439	0.4448
0.24285	-0.30013
-0.39526	-0.27613
-0.52353	-0.63988
0.09805	-0.40985
-0.079665	-0.39882
0.15375	0.12299
0.10781	-0.90094
-0.06988	-0.097798
-0.46874	0.31027
-0.17961	0.73764
-0.74915	-0.40645
-0.41323	-0.51549
1.3609	0.20972
1.1964	-0.066766
0.03536	-0.1443
0.29775	0.74906
0.32475	-0.47077
0.11171	-0.18563
-0.4268	0.19525
0.73243	-0.46546
0.034294	-0.92084
0.37494	-0.62064
-0.31314	0.84401
0.0039858	0.82414
-0.32619	-0.65091
-0.3366	0.1089
1.3265	0.34925
-0.33017	-0.23048
1.2989	0.27801
0.52277	0.57682
0.13329	0.68361
0.14868	-0.53698
-0.36135	0.51552
0.75232	0.40862
0.19116	-0.27483
-0.396	-0.82608
0.99314	0.12483
0.7129	-0.0018393
0.15528	-0.91334
-0.12572	-0.4517
-0.94534	0.31589
-0.26827	-0.86283
-0.86169	0.35278
-0.35304	-0.79528
0.42	-0.29436
0.72909	0.52307
-0.12742	-0.79621
0.96874	0.061633
0.11901	-0.13095
0.12052	-0.86578
-0.38099	0.79349
1.1266	0.15505
-0.61036	-0.14515
-0.39025	0.40358
-0.58654	0.23692
0.048198	-0.10269
0.066417	0.10326
0.27192	-0.45834
0.23928	0.63001
-0.38185	0.65606
0.31484	0.33782
-0.50203	-0.23959
0.38126	-0.77963
-0.16013	0.77696
1.1999	0.30325
-0.70495	0.15463
-0.09908	0.84449
-0.66974	0.083894
-0.32479	0.0035929
-0.77498	0.38607
-0.77228	0.34096
0.28433	0.53723
0.66722	-0.70372
-0.039987	0.55418
-0.058335	0.039174
-0.43101	0.39437
-0.0011321	0.18515
-0.32524	0.77088
-0.32098	0.10934
-0.71609	-0.30993
1.3347	-0.15398
-0.71668	0.054563
0.65178	0.42143
0.70747	0.46536
0.51501	-0.73456
-0.19653	0.27385
-0.31533	0.38087
0.28516	-0.74505
1.1211	-0.03813
0.36119	-0.40782
0.4833	-0.2721
0.75057	0.54982
1.1599	-0.017549
-0.39639	0.75825
-0.055355	-0.014725
-0.34827	0.52315
0.55889	0.62337
-0.23658	0.92975
-0.12705	0.24608
1.1033	-0.1519
0.77385	-0.39862
0.10381	0.47205
1.2669	-0.2256
-0.51759	0.32106
1.3735	0.05615
-0.40568	-0.28435
-0.18616	0.93096
0.14787	-0.23012
-0.70039	0.41594
0.61945	0.66563
-0.60655	-0.66722
-0.3011	0.052947
-0.63654	-0.11509
-0.38654	-0.28658
-0.62871	-0.47425
1.001	0.23113
-0.098595	0.52095
1.4153	-0.36906
-0.028291	-0.85915
1.0061	0.24471
0.49689	0.59963
-0.70688	0.03073
-0.53379	0.47605
0.85458	0.061513
-0.57825	-0.14472
-0.62814	-0.3279
0.082661	-0.35194
-0.34905	0.11076
-0.42994	-0.52668
-0.051511	0.13924
0.259	0.14664
0.59698	0.65659
-0.51443	-0.70013
0.0041786	0.99699
0.23056	0.43087
-0.43725	-0.60551
-0.32579	-0.048227
0.52486	-0.54655
-0.67922	0.14785
0.41185	0.88541
-0.043976	-0.88645
-0.15847	-0.20613
0.63416	-0.47438
0.31246	-0.83252
-0.40939	-0.17581
0.79752	0.10898
0.39872	-0.45064
-0.76741	0.037027
0.20816	0.30933
-0.38822	0.27733
0.1315	0.86934
0.0669	0.98894
-0.22438	-0.59678
1.4247	-0.092371
0.59569	-0.48075
-0.29161	0.012932
-0.58604	-0.29526
0.41515	-0.40756
-0.56734	0.0755
0.25312	-0.16007
0.15419	-0.24958
-0.54991	-0.62056
-0.42008	0.19676
1.1071	0.18166
1.1582	0.035005
0.30529	0.32842
-0.92045	-0.17702
-0.023734	0.82037
-0.90207	-0.055423
0.68954	-0.5163
-0.85965	0.50527
-0.20108	-0.0099859
0.89227	0.16654
0.14437	0.28479
0.39755	0.4185
-0.45404	-0.22538
1.399	-0.013601
0.80098	-0.58845
0.06234	-0.1326
-0.2446	-0.53546
-0.20519	0.91514
-0.018429	-0.53085
0.76592	-0.073877
-0.69991	0.3479
0.68079	-0.6241
-0.021489	0.75142
-0.16495	-0.1721
-0.31535	-0.55051
-0.085626	-0.50037
1.3869	0.2861
-0.40297	0.50812
-0.64746	-0.079861
0.10266	-0.21592
-0.035173	0.084311
0.81334	0.12018
0.82643	-0.12769
0.23322	-0.15124
-0.26643	0.047286
0.13041	0.74278
-0.23658	-0.14037
-0.23953	0.79869
0.14224	-0.40765
0.61302	0.70235
-0.11451	0.66748
-0.64281	0.3021
0.22983	-0.6304
0.90754	0.0093593
-0.52019	-0.6985
-0.90423	0.29703
1.1657	0.12192
-0.25092	-0.81833
1.2861	0.28846
1.0423	0.19864
-0.060051	0.55432
0.72512	0.52538
-0.83628	0.0035299
0.71465	-0.67215
-0.27134	-0.4644
-0.3319	0.77257
-0.19522	0.64467
1.2867	-0.26173
0.65618	0.04053
0.16214	-0.55562
-0.84402	-0.37704
1.112	0.29869
-0.61427	0.023479
0.039453	0.60404
-0.90964	0.15446
-0.24814	0.024457
-0.56472	-0.64822
0.43824	-0.43599
-0.50522	0.36134
0.63404	-0.71301
0.35537	0.49814
1.2252	0.27114
0.41093	0.20952
0.49226	-0.57223
-0.57738	0.57522
0.043252	-0.24436
0.035355	0.87867
0.20647	-0.15118
0.067991	-0.90766
-0.12194	-0.1617
0.53538	0.35081
0.59434	0.0015662
-0.35346	0.3225
-0.59119	0.2267
-0.19208	0.18059
-0.25395	-0.88345
-0.1789	-0.15551
-0.79876	0.40201
-0.71639	0.58112
-0.42256	0.81203
0.093317	-0.28458
0.34164	-0.24108
-0.011473	0.22727
-0.82132	-0.30951
0.58224	-0.0017
0.2354	-0.57245
0.3676	0.76381
0.25989	-0.62103
-0.086607	0.30892
0.89588	0.099026
-0.46559	0.33527
-0.34222	0.44371
0.36757	-0.56335
-0.25044	-0.28165
1.3604	0.30001
0.39524	0.34477
0.79391	0.53117
-0.77597	-0.61911
0.20508	0.63701
1.2763	0.24207
-0.30317	0.52666
0.65894	-0.48433
1.3103	-0.17387
0.15744	-0.17284
0.16007	-0.87315
0.96729	0.19509
-0.15647	0.10729
0.18951	-0.77942
-0.84085	0.22987
-0.23622	-0.54
-0.12316	0.28614
-0.024025	-0.91571
0.21716	-0.2679
-0.19855	-0.5521
0.24127	0.40833
0.43698	-0.45517
0.82191	-0.10724
0.38326	-0.34985
-0.57862	0.13829
-0.85412	0.16572
0.13003	0.46747
-0.51839	0.79113
-0.51904	0.54792
-0.43789	-0.59205
0.45801	-0.63769
-0.28754	0.29513
-0.69235	0.23039
-0.31313	0.21644
-0.76778	-0.23805
-0.0009516	-0.96823
0.0064309	0.9284
0.084578	-0.32173
-0.50057	0.74372
-0.82626	0.17694
-0.97842	-0.17693
-0.31329	0.34753
-0.73281	-0.22836
-0.28695	-0.11606
0.59792	-0.50396
-0.8019	-0.017498
1.0292	-0.089404
-0.30039	-0.60754
0.37927	0.535
0.33032	-0.29692
-0.38764	-0.32047
1.4544	-0.076668
0.31043	-0.56661
-0.56836	0.74285
-0.76054	0.39495
-0.44149	-0.035681
-0.069693	0.30727
1.1619	0.2056
0.77717	-0.55088
-0.041801	-0.70324
-0.55275	0.69673
-0.059523	-0.046042
-0.39916	0.17158
-0.72457	-0.2176
0.087232	0.77018
0.10784	0.40328
1.0418	-0.010415
-0.06763	-0.3293
-0.65484	-0.55778
0.060655	-0.59256
-0.13192	-0.61229
0.50346	0.40712
-0.36789	0.5465
-0.091607	-0.53322
0.36317	0.18371
-0.27064	-0.38182
-0.5986	-0.41511
-0.5892	-0.7389
-0.6229	-0.72924
1.3885	-0.37494
0.39327	0.42811
-0.30691	-0.83109
-0.171	-0.1618
0.077809	0.58111
-0.25703	0.67691
0.07399	0.84704
-0.44788	0.25887
0.49863	0.85286
0.93938	0.065337
1.1584	0.11588
-0.1166	-0.48777
0.81476	0.077828
0.6511	0.054396
-0.48285	0.22566
0.69755	0.5991
-0.2359	-0.89532
-0.71975	0.31329
-0.75664	-0.51765
-0.80113	-0.11723
-0.64366	-0.30043
-0.074832	0.71368
0.29103	0.81686
1.2839	0.38038
-0.1423	0.54425
0.44215	-0.81357
-0.82209	0.30146
0.035988	0.14426
