2.21675486286358	-1.31519806401798
1.45750742773657	-2.11511350954142
2.89114464507233	-2.35647517981848
2.59598057718747	-2.10577160763906
3.63561800111297	-1.95511720991458
2.68927544191972	-3.72617323198819
0.718753369898844	-0.4442129796894
1.78685548072164	-1.22358730826749
3.89653987190927	-3.09850750875349
3.77686321368272	-3.72801975364219
2.56660449818032	-1.57236177544311
2.01571945400457	-1.25543535475620
2.38305733851715	-1.13477920298551
1.95486288408669	-1.69467118994392
2.03435190739699	-2.11402279124744
2.16902677421831	-1.57634775975168
3.16502683902767	-2.79770968680686
1.95579600274791	-2.60419724936976
1.89963155741410	-0.284989406249099
1.71655543112641	-2.71594827779811
3.54081498087098	-2.13323561218624
2.16516901970992	-2.99976506261358
3.30762236025457	-0.126239882936288
3.28825687792158	-2.33738843202208
2.59289694064803	-1.02672971133633
1.71705631567773	-1.01217206913655
3.25588402559985	-2.94125660852645
2.90983915122863	-1.65081440609519
1.07197189492565	-2.59441868168787
3.24018083800314	-4.38224283134454
2.15346417955463	-0.921981026289258
3.05193257898961	-1.33175489497738
1.24578878718248	-2.96462566673112
0.517810880348769	-3.9752373318646
2.86113187249772	-2.58477390072805
1.59548016924300	-1.03072296379406
1.77259458272638	-1.44770767406144
2.93409617086249	-2.08215550071389
1.53410412020905	-3.67671375844017
1.36245650142978	-0.787392572982005
3.34370862619937	-0.999500129021215
2.18153538459794	-1.28067100921154
3.29251233641714	-2.84436415204234
0.311951424135205	-1.37801460965259
1.17900642236905	-2.72261378035159
1.13785385590023	-2.44947862513666
2.09884368913795	-3.19550605006888
1.62434485580164	-1.60952763698316
2.72390415528426	-2.51637664263657
0.202617981427462	-1.09013102206412
1.33625685842378	-1.12301534704133
1.37627351127082	-2.81619580987187
1.92036756816184	-0.460706730102797
2.43562476282941	-0.625474284390765
3.97090096972424	-2.48324871116582
1.40324132749087	-1.4496500496611
1.44749278839104	-2.85736566300704
2.69596663370111	-2.70696136617247
1.84433603539202	-4.09707753342934
3.34889819519773	-0.900563245240312
0.931476929513225	-1.65796591095044
3.06445074680413	-1.50917051958284
0.687278235462518	-2.93199902596906
4.06369470225190	-3.42789198389777
2.13138301066268	-1.02423490539247
1.76831155108506	-3.54634118777066
1.60264447702654	-1.98229652078095
2.88943208228137	-2.77471740122194
2.52616903949673	-2.22934228724289
1.82872675703738	-2.27438210439009
2.15867689744326	-0.203936218473
1.51433493382757	-2.47811289936666
1.04109392500079	-2.5947628530072
2.18051729210706	-4.25793821702836
2.72173428281892	-0.317392788202037
1.63045952187920	-1.92770931557875
2.23753831253966	-2.44002409317358
1.33407788758509	-1.37342660741173
1.20319249015724	-2.79979605943741
1.94830306868862	-3.12798602223184
3.28692833329751	-3.02501605344749
1.78585033726161	-1.92892827050230
1.42525453569860	-1.61828883835384
0.52927295570767	-3.62258831749571
0.9672615671775	-0.0994573301101822
0.693475144760331	-2.71617916636650
1.16174759268086	-1.61954033109427
0.86934631897522	-1.55915715259854
2.36874817528302	-1.74267414165496
1.79819697966912	-2.17944853714205
0.722340097226838	-2.69012767925998
1.20198751933142	-2.00042280246649
2.159082422946	-1.43441910355540
2.61479763314345	-3.20874700978382
2.68794796238641	-2.34617115601407
1.95294898894376	-2.6501970444271
4.33032167829949	-2.8895916707851
1.42243400901901	-0.522970112693827
2.96847913429185	-3.19547513851511
1.72246437253768	-0.249505165168476
6.21473014377524	-3.33958305795995
3.45219973185894	1.01146905596993
4.69775396751686	0.942354565123013
6.03920771630905	0.00536928364619071
4.23215827441341	-1.25729324941089
6.52467258054377	-0.250761915292537
2.57791269271945	-0.816852595609554
5.5563283175289	-0.397078655251984
6.10553390712113	-0.711608601246304
5.16643681589836	-0.229456919550324
4.77453770274667	-0.8070002549446
4.77158766918143	0.389868717770363
4.74681077315595	-0.111956521593154
7.06827333195825	-2.77438816241481
6.58318985848094	-1.04995168792740
3.95740925464747	-0.169619981413870
4.99161259962264	-1.09814463367337
3.66591210695991	-1.76204425536808
5.14653602921763	0.263298406393644
4.21217657609353	0.340964638968194
4.71100240147331	-0.341774973475095
5.66683930010515	0.546498115730879
4.86336877996774	-1.15285263909192
5.22408930771569	-1.46071995829165
6.11720666712299	-0.701148411049674
3.56150560242648	0.193584846924798
5.63436572481191	-1.49802686058944
4.50080519638507	-1.49963681600591
6.12627243749009	-0.863314863357429
4.89981531295815	0.557666506914361
3.89015798392515	0.578958170241858
5.65792426194502	0.737996904753893
4.95670398574048	0.354112414208442
5.62838922500712	-1.31353888637347
4.06317078746644	-0.867835067174616
4.6426165948466	0.617683706615031
4.95492708206823	-0.386273422795397
4.65194613964163	-0.944541263612824
4.64102609466658	-1.94571985931072
5.39561524532177	-0.884444200261729
4.01605584099916	0.0931282044836955
4.9772994378654	-0.254948527643706
4.11544979489716	-2.24580030559606
5.48504043883945	-0.437576151307295
4.16846937682402	-1.58603270924436
6.17315082087649	-0.607523638060269
5.06101546349395	-0.0488054299293456
5.15675362133410	0.594369592014431
5.46890575560256	0.405959138113725
5.54516079540454	-1.49751105976788
5.39560216305853	-1.21583923588412
4.07863665465713	-0.077399125444418
4.323427389052	-0.0670666314912948
3.05610469425921	-0.415468355355889
5.1199831566445	0.0520961090566113
6.26607726978049	-1.03776547604277
3.90201319946066	-0.374253438960025
5.43790645824583	0.503887322220121
5.61639304370987	0.571837242261996
5.01786964228196	-0.950352568374585
3.76081096851495	0.458441594027962
4.49577906954393	0.404324717664157
6.31678167762717	-1.73133076561110
5.79443019106884	-0.790456395242546
5.48503417532449	-2.15210892109742
7.37103181292648	-0.462590230361137
4.7182949514894	-2.5426803971209
5.19899547718001	-0.388730506318462
5.8102352208611	-0.188796334081703
4.8777414144928	-1.13890442542847
6.00771944243749	0.432766321812103
5.51758214241848	-0.772678148644716
4.77002860811847	0.741839926569811
4.8323662214703	-1.56068596571857
2.52395836368613	1.38811636447854
4.39884577353998	-1.66809185979778
5.03150861054676	-0.0809955552595471
6.22612458828641	-2.15248165107728
4.30078519084705	-0.3230945042811
3.49585121055997	-0.643923463620105
4.774818994157	1.86270675520916
4.99106331195793	0.716969655223932
3.52163834586944	-0.0967137708020954
3.15225107446211	0.137627222265602
4.15396918919587	-1.38908988237047
6.2557477353207	-1.81520832903120
3.64949804222594	-0.321866425924773
5.32381513204391	-1.92380720188649
5.11879502259052	-2.00368984992788
5.64961618243373	-1.57539854536481
5.68161770958765	-0.358208974766692
7.5175156468989	-0.237805153000152
5.30252499385581	0.693916689233292
4.33618934916787	-2.18689311999327
5.06295585869605	-0.259952629254761
3.81233717568429	-1.62452696636033
4.57949660508322	-1.35020133605676
4.25237955147354	-0.838735582367426
4.87367274543413	-0.559711075721859
3.98133290367701	-0.653881102206972
0.81788399418523	4.35531966592868
2.45625934043866	5.18002408422163
1.76171274346304	4.32176036141728
2.81216373491783	6.42416496481405
1.26934547671002	5.65121342228211
-0.194281057646774	5.94766819429175
3.00153984361657	5.72533566926695
3.16737952151332	6.51530466309267
2.76964220995014	4.69447996878348
3.58798765649452	7.69910020663418
2.35134969913680	5.49748266138387
1.46566195627152	5.69509672687956
1.71512136343807	5.34522284769373
1.9472758386029	6.27351360480845
2.06444340265721	4.2758832431928
1.42133324157914	5.51040347942725
1.98741158236011	5.86390353408049
2.90566768016809	5.59309699996267
1.48925993749387	7.5523775017998
2.21568200475725	6.86539133562666
1.41621074466774	6.34860658683503
0.782990866378134	4.74155105957272
2.17022111321057	6.47583147154123
2.13108624125027	6.87292562930842
1.76045914330621	5.45642417964244
1.43352106087205	6.19443931129936
2.03904084198425	6.39888728734616
0.0888778597376714	6.13051483941586
1.97493747509465	5.40540314437927
2.66507439092331	6.70173987022881
3.32289780428138	5.84606411322698
5.17418674511858	6.58599139316241
0.131457204553875	7.16778806383968
0.651869597672238	3.69748025212903
4.30365435429312	6.82018741407879
2.25549020145448	6.72212418862655
2.86831855066558	6.0976490699093
2.35583968684249	7.63767856804231
0.854517074497507	5.46058750499675
2.29588149204233	5.54730906500576
1.30403293298910	4.75776672727693
3.18502297739477	6.04424858627055
3.52519889664303	6.00695541728919
2.42084937294935	5.00641223199434
3.55916136416113	6.71522486042908
3.62846716797368	6.6002789140614
2.17311142781100	5.94509666011993
1.66084200284407	6.69775031330409
0.722807169719472	6.81449745558266
2.06042007249295	3.67942716075026
0.86564799423421	5.11321526665445
1.93663924750283	6.63708823507041
1.26742380182135	7.49909001048141
3.07403842006881	4.49882139167771
3.47886440531740	8.6907163705707
-0.533009318331635	5.97643131188638
1.18025977378662	5.75959362638176
2.31886515962437	5.10603995914106
1.02989938562044	6.45738823841882
1.61389636600330	5.60058843118988
1.96370953149051	7.16761361055467
2.78735911820979	5.12660818945598
2.42919359317793	6.5640138165611
2.65649121736451	6.94021435686551
1.25150251703137	5.03237486770373
2.01187291638198	6.50859973173194
1.39321467274428	4.74957543231574
3.40598619740138	6.14995698449508
1.36990139651882	6.30525540245139
1.12531990450813	5.70274544048068
0.806919377891894	5.13468500389597
2.36767136527734	5.07245837680995
1.29996030402702	8.21360789868142
1.57455699056051	6.3441692428766
3.01372376686225	6.27007144211333
2.42052810089652	4.90407979488263
3.32532220312781	5.14013171078764
3.04436245631104	5.12814945606394
1.34708797114267	5.10015600433548
0.3402236807562	7.32739583591199
0.490028154294867	6.52667132498195
2.31288249374334	6.48305913031324
0.102322531911035	6.16131077037401
1.39479173779045	5.75131452462093
1.64896895487976	5.20580124402775
0.989648313573862	7.82774788390367
1.55157551196298	6.81827796244258
2.86803454527714	6.72541966490046
2.07911410970074	5.81203063837051
1.33343112387218	6.680005492019
1.89259756955648	6.51512022050092
2.47519452224603	5.92603830836173
1.16314333361595	7.11874744384899
2.42811698364245	6.67351896047067
1.35407950800551	4.75764445183079
2.57664748434251	5.44903374368059
1.90921060330282	6.75276470490551
1.82716842551328	4.18664674600356
1.54069381128039	5.71530292414985
1.41835536525128	5.63956186400062
1.84679579503747	4.56115504389025
3.42725770491355	3.50741946172711
4.74102412763311	4.92875919235856
3.76719951765167	3.16084438331204
2.65310501778488	4.63876587307228
3.19814411345935	3.79149384711376
5.60487105720398	3.81424471763324
5.09881828340171	4.01186849755547
2.98406727718017	2.28628045096076
4.04802396308521	3.69009644662611
4.77146249775953	3.35268248961555
4.71775033950964	3.38836471986524
4.56405300766011	4.28736227521443
3.75893917566454	4.31930865642723
1.93494002426295	5.42396090469039
5.32507208519962	3.87277011943644
4.74394643187756	4.75172524645205
3.71721290965557	3.35500718528212
3.60905436065125	2.49706133192602
3.59121783328889	3.55838144274439
3.50133263157981	5.3487161748367
4.88189500771445	5.12484845803875
4.57823058524859	4.68163311473086
4.02884006966665	4.1378766515992
5.06324817875717	3.79362321881896
3.74216491673819	2.04316528215066
3.31305283027509	4.31125123331289
1.75859809519483	5.73817426876745
4.03027516152792	4.11504313197815
4.43783889889529	6.44921248879252
3.49709183926969	3.40021394221028
4.4541506188769	3.93032432077012
4.37984890723609	4.74297916262842
2.84373692569355	3.45971710836351
5.03884901768413	4.15454935493274
5.1624827682355	3.30566126215502
3.63093406526649	2.70555397057553
4.34360709574893	3.15112672733037
4.17075566183508	5.51288593628705
4.77721005125573	5.01319226172932
2.83853687877951	4.95673459963239
4.19475560537956	4.44827878996456
4.25969272131117	2.99945984063023
3.4978992442355	4.56743157735927
4.04343253616162	6.16833000279905
1.6670293626323	3.23674429087045
3.19414453657711	6.38780596207415
4.82460400369629	3.4378730512674
2.40493403226656	4.76303259680056
5.49613066040223	4.48751962324399
4.29885945779154	3.4409103583063
4.05603444110111	4.42841517086212
3.92132389914411	5.0411428275659
3.36028619396567	4.97471727474579
3.66420351750747	3.13639815747579
4.05982537966653	3.49519176356592
5.36242992844398	4.71972121145116
3.50701678375269	4.28552249687721
2.85803672995931	3.4155915149132
4.50242009186856	4.50897121662151
4.26806847274137	2.99561265445293
6.09776495887316	3.54510113319925
4.39906480519988	3.66610472935187
5.59048998367881	4.24464004650336
3.89272774924531	2.79462250884032
4.74047093006347	2.54062565251797
3.92135817765505	4.37414598707114
4.34121509569602	4.16619082048797
2.02867976677263	5.39699994187868
3.87736435215120	2.97956104271584
4.91287826124857	4.28898088755447
4.37761598621190	5.95872411048475
3.55938908352955	4.01620137202581
5.54607580367335	1.57665558358029
5.5070421277542	2.51063548359142
4.38524976386204	3.46555228476916
4.43583243936802	3.91595959915266
2.53181303007931	4.16875796579975
3.32677562731082	3.80106674471771
2.85063451418129	5.24779392896803
3.70161709910466	4.43276343279150
4.27088188428104	3.92351325167126
4.41939695402453	3.86050425957761
3.09900788194436	3.75877688281485
4.7470112862937	3.20530162078816
5.37139063431264	4.95332712443176
4.78270988699268	2.94822824844906
1.40134845074292	3.20731720717249
2.55446660541855	6.39673005507415
4.10473742694654	2.90377925010200
4.20397686396744	4.33196154780292
3.3711750158834	2.61181665431801
2.92974589465099	5.21429620278557
3.08117466548749	2.99376074019932
3.85339365974777	3.43429655314952
4.68316892799414	4.06528617435225
3.04575287964436	3.01663293150386
3.76588248927177	2.50066898681919
3.36890492671346	3.57629010632728
4.41383208395003	2.97907342817509
-3.62460193728787	-6.85655056535867
-2.00601543263598	-5.16683250680764
-4.51694286676757	-5.69868740096866
-3.01582281637774	-5.96046322775642
-4.19966157021347	-7.42924102085385
-2.77654429134648	-5.37786196847981
-2.4681390987447	-6.48037623643887
-3.23538218876171	-6.32295302635015
-3.0782644301465	-7.660365652053
-3.16428904016847	-5.50413972289034
-2.00566278833273	-6.39759315219111
-2.76387006569116	-4.713262255953
-3.53065766089298	-4.93093576275164
-2.69269399577135	-5.23139972772441
-2.8811575692079	-5.86169585593165
-1.34695460126314	-6.09003367619215
-4.09592885109876	-5.50769272347424
-4.26063329032856	-5.04578052269394
-3.46638625628558	-3.6667504640711
-5.36729396467808	-5.9689914728752
-3.21616064743625	-5.63220185651772
-3.56842717661836	-7.13781407091996
-1.99683040718606	-6.06891716227111
-0.909902255663748	-7.35505447202784
-4.06709774968241	-6.09063027091181
-3.44384123834699	-6.06246451750655
-3.62404130131238	-6.26151070649297
-2.19103623727919	-7.1240281067629
-2.37151837851347	-6.37057690660742
-3.21131465405676	-7.54217239197298
-2.19868996026061	-5.31159995235159
-4.59739222001973	-7.39374645793441
-1.94167151757332	-5.0316555167683
-3.21750224169542	-5.70573883363347
-2.58815519652439	-6.25267851499196
-1.36320920270621	-4.88629318939838
-3.04635387994985	-7.85501868163096
-2.88160185528934	-4.43013226802441
-1.32785631740172	-5.98254716251416
-3.19105983079369	-7.47921925491897
-3.13755892236391	-4.80632056788579
-3.21082359284663	-6.63164838724712
-2.75835615265043	-4.93636753850478
-3.42763243637024	-7.53195057292875
-2.91214579340503	-5.7404861795502
-1.47714229836053	-7.07287516688072
-3.7603689153926	-7.31291865295131
-2.92746656284718	-6.58907147495286
-4.83245788749718	-6.9429379060618
-4.26703330395728	-7.75705091053286
-2.7335903826183	-5.88593063457873
-2.68055278968595	-6.20135924266856
-3.52240241095327	-5.18805246824238
-2.11985501079798	-5.12460143549841
-3.55102196393632	-4.97797680052294
-3.35684498089321	-5.35778707197878
-1.77139837573603	-6.58339550274643
-3.56021962577650	-7.41795217190653
-4.52495802187495	-5.17797799731564
-2.74856075660635	-7.77689127277641
-1.76438504759946	-5.89697619127024
-1.29672975339136	-5.67472808605543
-4.07549668162323	-6.43750761297236
-2.44504530161323	-5.42929936974001
-4.11365900330291	-4.72366843358211
-3.43809459343491	-7.87409706273097
-2.21226084917172	-4.60906996241343
-3.62425732094150	-6.29988709265493
-3.64303422149775	-6.42966611269457
-2.35497049159077	-8.39705236059324
-2.82423540992731	-4.91951310241769
-2.68496983346879	-6.85404309604086
-3.37146425914469	-5.82656425054633
-4.5954541629707	-6.41729109822476
-4.24024761099425	-6.0933412166843
-2.76035494667451	-6.24437343440463
-0.474697828585102	-6.16598462514422
-2.77749993254961	-6.89908007303464
-5.07935758279447	-5.66553376648335
-1.33677799056115	-8.44813401499633
-4.8824673934689	-6.92968426863836
-3.10196485616338	-5.28959133816087
-3.00339952602044	-5.1815215296008
-3.42967355099696	-4.1852947382476
-2.89130377118630	-5.40711960085121
-1.87813608095978	-6.50142424440741
-4.34287404563505	-5.70250882240964
-2.88623831628975	-6.24792811178
-3.36064822154323	-5.55566738592491
-4.05560414864713	-6.24104563632533
-1.64568719913812	-5.71146461718776
-1.89086374491664	-5.65656741775662
-4.12448427449478	-5.59945210325515
-2.44414477880257	-5.91494835331051
-3.13308430668035	-6.70081857175132
-4.18991556658348	-5.61145031743155
-4.24802623771108	-4.68760260749844
-2.07532231777643	-6.07795538869059
-5.05179295527975	-5.40934966717173
-2.76060182025771	-5.04231406937109
