0.92935	0.088155
0.97358	0.12183
0.99656	0.19838
1.0111	0.21725
0.91461	0.37424
0.94821	0.3805
0.8571	0.34561
0.83653	0.3605
0.84727	0.59502
0.78445	0.61331
0.71075	0.56712
0.71727	0.67014
0.68096	0.75388
0.56368	0.70936
0.64673	0.82759
0.43525	0.8066
0.44952	0.84149
0.30095	0.87201
0.46408	0.98657
0.40562	0.98853
0.24878	0.98422
0.1984	1.0458
0.082839	1.0568
0.056372	0.95199
0.015625	1.0505
-0.16581	0.995
-0.14172	0.99362
-0.23432	0.96924
-0.31267	0.9366
-0.31518	0.9624
-0.39704	0.91694
-0.37641	0.88395
-0.497	0.91261
-0.5043	0.80144
-0.60552	0.76547
-0.71746	0.83718
-0.6361	0.7251
-0.69553	0.65126
-0.76359	0.67447
-0.79011	0.62026
-0.9082	0.60495
-0.91752	0.46035
-0.98468	0.43366
-0.86221	0.36786
-1.0148	0.30314
-0.91631	0.21972
-1.1007	0.20416
-0.94096	0.068678
-1.013	0.049633
-0.90287	-0.14231
-0.91042	-0.050748
-0.86169	-0.12842
-0.94337	-0.25049
-0.9975	-0.25209
-1.0431	-0.26245
-0.84301	-0.46406
-1.0318	-0.45186
-0.91942	-0.49378
-0.89051	-0.5004
-0.73824	-0.64466
-0.75857	-0.62162
-0.72016	-0.63319
-0.75771	-0.73777
-0.62687	-0.80719
-0.69952	-0.78421
-0.48794	-0.83544
-0.49654	-0.87559
-0.46213	-0.93901
-0.44223	-0.90121
-0.37526	-1.0055
-0.21166	-0.94739
-0.23828	-0.98704
-0.1497	-1.0302
-0.053138	-1.0541
-0.01019	-1.0516
0.049691	-1.044
0.11705	-1.0763
0.19199	-1.0033
0.35119	-1.0687
0.30807	-1.0017
0.44958	-0.91401
0.41934	-0.92234
0.5276	-0.87498
0.44351	-0.90719
0.56751	-0.78663
0.63255	-0.83501
0.6188	-0.65855
0.67937	-0.61982
0.79414	-0.71647
0.76245	-0.66097
0.81111	-0.44214
0.87516	-0.42553
0.90252	-0.43163
0.95392	-0.32919
0.94498	-0.32106
0.84167	-0.2673
1.0667	-0.19715
1.0799	-0.21459
1.0133	-0.05211
0.9264	-0.0072937
0.94974	0.033635
0.94696	0.20303
0.98959	0.27657
0.94088	0.11304
0.89541	0.31871
0.89611	0.27632
0.91374	0.4343
0.89836	0.53863
0.86815	0.51141
0.86772	0.5477
0.73006	0.65801
0.65815	0.72812
0.64745	0.8461
0.63237	0.73237
0.65481	0.87837
0.54842	0.93067
0.49059	0.77801
0.4287	0.82395
0.39005	0.9535
0.3451	0.95714
0.26029	1.0823
0.19038	1.0495
0.14145	0.93774
0.11654	0.97585
0.010105	1.0396
-0.077435	0.91787
-0.13322	0.94963
-0.19082	1.0071
-0.21988	0.9694
-0.37467	0.95807
-0.44753	0.99867
-0.45807	0.98933
-0.48952	0.9565
-0.51854	0.8693
-0.5707	0.75741
-0.6394	0.79024
-0.7414	0.71838
-0.74533	0.65008
-0.72854	0.73237
-0.84374	0.61885
-0.82899	0.54434
-0.80587	0.46473
-0.86757	0.39337
-0.92105	0.29693
-0.9827	0.39611
-1.0377	0.29351
-0.99647	0.24782
-1.0381	0.12158
-0.92998	0.085148
-0.99493	-0.0043762
-1.0064	-0.047006
-1.0486	-0.061378
-0.91926	-0.1237
-0.97609	-0.23386
-0.88387	-0.37561
-0.94833	-0.41965
-0.84484	-0.36169
-0.91662	-0.54283
-0.97789	-0.50748
-0.82848	-0.6479
-0.72015	-0.68367
-0.79232	-0.66404
-0.75697	-0.65443
-0.58619	-0.852
-0.65778	-0.75168
-0.56781	-0.82084
-0.50024	-0.86464
-0.31401	-0.91938
-0.38425	-0.96454
-0.30053	-0.91048
-0.20309	-1.0431
-0.16315	-0.97135
-0.13028	-0.94571
-0.077259	-1.0286
0.011811	-1.0209
0.15256	-1.0717
0.20246	-0.90462
0.12811	-1.0416
0.23111	-0.93384
0.30425	-0.89542
0.4054	-0.94638
0.47084	-0.81252
0.45651	-0.91858
0.53769	-0.81544
0.47658	-0.76747
0.5665	-0.82704
0.709	-0.71928
0.77523	-0.66919
0.67275	-0.54894
0.8398	-0.61835
0.87991	-0.55439
0.89659	-0.51809
0.89664	-0.40088
0.94521	-0.35276
0.92501	-0.27561
1.0766	-0.32381
1.0774	-0.17472
0.95896	-0.14098
1.0506	-0.0474
1.0441	-0.057648
0.98151	0.1014
1.0818	0.13049
1.0361	0.22304
0.95422	0.2716
0.90188	0.2532
0.85253	0.27571
0.8808	0.47048
0.87558	0.45575
0.91647	0.51416
0.88731	0.59113
0.69342	0.67471
0.79754	0.6119
0.60531	0.72543
0.58161	0.78432
0.57404	0.73964
0.54331	0.9834
0.41982	0.87521
0.39244	0.96155
0.34718	0.9865
0.27277	0.8984
0.26454	0.93684
0.16921	0.9518
0.13688	0.95276
0.080215	0.90121
-0.021061	1.0409
-0.087067	0.94911
-0.19499	0.97965
-0.22211	1.0035
-0.29002	0.9625
-0.26323	0.86135
-0.42819	0.93298
-0.47273	0.81715
-0.45392	0.92487
-0.47813	0.80396
-0.56674	0.79583
-0.64522	0.74256
-0.74241	0.68876
-0.69735	0.61946
-0.80215	0.64229
-0.77903	0.53423
-0.72463	0.59818
-0.905	0.50918
-0.86363	0.47474
-0.87607	0.3797
-0.97668	0.38752
-0.95349	0.21881
-1.0165	0.084221
-1.0146	0.14901
-0.96087	0.044312
-1.0159	0.057488
-0.97083	-0.098208
-0.9864	-0.11286
-1.013	-0.15896
-0.90151	-0.31449
-0.99426	-0.2639
-1.0188	-0.35395
-0.8473	-0.44255
-0.91708	-0.47625
-0.90801	-0.48753
-0.83824	-0.56829
-0.7267	-0.5822
-0.80002	-0.66409
-0.67956	-0.86764
-0.63587	-0.80093
-0.71666	-0.80893
-0.48061	-0.81569
-0.53597	-0.95442
-0.42474	-0.92092
-0.25288	-0.92438
-0.37994	-1.0341
-0.27034	-1.0213
-0.15504	-0.99558
-0.11171	-1.0178
-0.061335	-0.96846
-0.031569	-0.99639
0.045811	-1.0137
0.081517	-0.94891
0.28912	-0.99349
0.26209	-0.9163
0.29969	-0.92671
0.32808	-0.94971
0.34848	-0.94307
0.49957	-0.85822
0.58549	-0.73503
0.54391	-0.91642
0.62873	-0.83783
0.69541	-0.79572
0.81591	-0.73126
0.76882	-0.66899
0.8628	-0.59526
0.95845	-0.54443
0.89873	-0.50834
0.91992	-0.43714
0.90358	-0.23601
0.97817	-0.33968
0.92207	-0.31418
1.0198	-0.11803
0.94455	-0.12069
0.91629	-0.052502
1.0478	-0.035894
-0.60512	0.39625
-0.61279	0.36233
-0.59884	0.36142
-0.58237	0.39466
-0.56544	0.31906
-0.55139	0.33252
-0.60666	0.34711
-0.56826	0.29917
-0.56953	0.26706
-0.59142	0.24219
-0.54676	0.23931
-0.5255	0.2926
-0.52745	0.23807
-0.5554	0.22701
-0.49089	0.24405
-0.55049	0.20332
-0.50743	0.21901
-0.49639	0.21292
-0.47906	0.19682
-0.49258	0.23208
-0.47262	0.17437
-0.44953	0.20438
-0.44058	0.19196
-0.37646	0.22409
-0.42719	0.1818
-0.38428	0.20108
-0.36831	0.20984
-0.36141	0.20142
-0.34786	0.2108
-0.32936	0.23922
-0.33856	0.1731
-0.31742	0.23107
-0.25563	0.22194
-0.32084	0.25569
-0.3195	0.24321
-0.2554	0.25937
-0.28246	0.26716
-0.24362	0.25901
-0.25512	0.26628
-0.27973	0.26362
-0.21032	0.28171
-0.2791	0.3046
-0.23775	0.33905
-0.20837	0.34092
-0.21719	0.32506
-0.1917	0.37793
-0.17584	0.34361
-0.18283	0.39034
-0.1978	0.36654
-0.18662	0.38425
0.19522	0.37784
0.20961	0.37966
0.16956	0.37116
0.2002	0.35502
0.17579	0.31598
0.20797	0.34236
0.21844	0.27562
0.20133	0.29599
0.22352	0.30177
0.23374	0.25254
0.25833	0.2678
0.24743	0.23482
0.25387	0.24103
0.28576	0.21255
0.25913	0.2335
0.2843	0.22772
0.32805	0.19166
0.40058	0.20968
0.31388	0.26018
0.33844	0.17029
0.35927	0.20749
0.32862	0.22073
0.37765	0.19088
0.38271	0.19275
0.42209	0.1904
0.43728	0.19557
0.43126	0.21744
0.44964	0.21419
0.46978	0.18986
0.49965	0.2043
0.46319	0.20926
0.48497	0.21339
0.48381	0.21425
0.51903	0.21122
0.51851	0.24227
0.5483	0.23306
0.54664	0.25898
0.53228	0.24881
0.51555	0.27774
0.57513	0.31166
0.57107	0.32835
0.5762	0.2889
0.55575	0.30398
0.5817	0.36385
0.61138	0.3259
0.62076	0.34149
0.63135	0.37628
0.6005	0.38126
0.60792	0.37888
0.59541	0.38284
-0.17373	-0.48925
-0.21046	-0.55687
-0.18696	-0.57468
-0.16148	-0.55972
-0.23348	-0.56862
-0.16377	-0.57051
-0.22228	-0.59886
-0.20329	-0.58647
-0.17998	-0.59387
-0.19635	-0.62571
-0.16473	-0.62939
-0.14914	-0.64891
-0.17538	-0.63975
-0.16627	-0.63882
-0.13076	-0.68689
-0.11977	-0.63581
-0.082391	-0.70945
-0.041347	-0.69716
-0.087321	-0.67039
-0.096238	-0.69502
-0.076126	-0.6911
-0.013329	-0.70608
-0.018534	-0.71821
0.023316	-0.68156
-0.010941	-0.7045
0.0084394	-0.6797
0.018944	-0.70099
0.017165	-0.68774
0.049492	-0.70251
0.056434	-0.71145
0.070034	-0.68856
0.063734	-0.70306
0.091662	-0.63987
0.11365	-0.65795
0.14586	-0.6458
0.13947	-0.66001
0.13515	-0.65199
0.16599	-0.648
0.18686	-0.63597
0.17527	-0.64095
0.15185	-0.5905
0.16842	-0.63349
0.1579	-0.59813
0.21228	-0.58652
0.15555	-0.54845
0.18355	-0.57803
0.177	-0.53292
0.22767	-0.52212
0.1863	-0.50664
0.21451	-0.48004
0.087488	-0.043089
0.044198	-0.16016
0.053701	-0.11397
0.076761	-0.15596
0.16841	-0.12722
0.12605	-0.1158
0.10765	-0.034504
0.037075	-0.084028
0.041297	-0.072755
-0.067253	-0.052211
-0.029171	-0.046809
-0.04974	-0.027856
-0.037856	-0.048257
-0.0070201	-0.0081776
-0.023175	-0.071667
0.0088287	0.0034984
-0.063796	-0.017231
-0.12883	-0.078937
-0.014778	-0.04573
-0.088584	-0.083611
-0.048605	-0.14204
-0.026939	-0.054496
-0.12166	-0.048647
-0.076658	-0.18864
-0.1566	-0.070062
-0.074744	-0.17637
-0.14095	-0.11134
-0.18512	-0.23333
-0.075124	-0.19197
-0.090733	-0.18057
-0.13912	-0.2209
-0.043592	-0.20017
-0.053296	-0.21843
0.035701	-0.23252
-0.0068561	-0.28376
0.049598	-0.22041
0.010764	-0.24599
-0.041171	-0.29012
0.07585	-0.23788
-0.022069	-0.23355
0.042075	-0.23401
0.0071208	-0.23637
0.078644	-0.29336
0.11856	-0.11505
0.087248	-0.20813
0.14571	-0.20955
0.20461	-0.080924
0.084117	-0.18678
0.15918	-0.10135
0.12291	-0.094357
