Fat.grams	Food.energy.calories	Carbohydrates.grams	Protein.grams	Cholesterol.mg	weight.grams	Saturated.fat.grams	cluster.id	Fat2.grams	Food.energy2.calories	Carbohydrates2.grams	Protein2.grams	Cholesterol2.mg	Saturated.fat2.grams
2	25	2	0	2	15	.2	1	.13333333333333333	1.6666666666666667	.13333333333333333	0	.13333333333333333	.013333333333333334
6	60	2	0	4	16	1	1	.375	3.75	.125	0	.25	.0625
1	90	22	4	0	28.35	.1	1	.03527336860670194	3.1746031746031744	.7760141093474426	.14109347442680775	0	.003527336860670194
0	90	22	3	0	28.35	.1	1	0	3.1746031746031744	.7760141093474426	.10582010582010581	0	.003527336860670194
0	10	1	1	0	33	0	1	0	.30303030303030304	.030303030303030304	.030303030303030304	0	0
1	70	21	4	0	28.35	.1	1	.03527336860670194	2.4691358024691357	.7407407407407407	.14109347442680775	0	.003527336860670194
0	125	29	3	0	53	0	1	0	2.358490566037736	.5471698113207547	.05660377358490566	0	0
0	155	42	1	0	64	0	1	0	2.421875	.65625	.015625	0	0
0	15	3	2	0	60	.1	1	0	.25	.05	.03333333333333333	0	.0016666666666666668
0	15	3	2	0	60	0	1	0	.25	.05	.03333333333333333	0	0
0	10	2	1	0	80	0	1	0	.125	.025	.0125	0	0
0	10	2	1	0	80	0	1	0	.125	.025	.0125	0	0
0	5	1	0	0	4.3	0	1	0	1.1627906976744187	.23255813953488372	0	0	0
0	5	1	0	0	3.8	0	1	0	1.3157894736842106	.2631578947368421	0	0	0
0	5	1	0	0	3	0	1	0	1.6666666666666667	.3333333333333333	0	0	0
0	5	1	0	0	2.9	0	1	0	1.7241379310344829	.3448275862068966	0	0	0
3	95	14	2	0	28	.8	1	.10714285714285714	3.392857142857143	.5	.07142857142857142	0	.028571428571428574
5	100	13	2	0	28	1.2	1	.17857142857142858	3.5714285714285716	.4642857142857143	.07142857142857142	0	.04285714285714286
2	65	10	1	1	20	.6	1	.1	3.25	.5	.05	.05	.03
0	10	2	0	0	16	0	1	0	.625	.125	0	0	0
8	75	1	1	3	15	1.5	1	.5333333333333333	5	.06666666666666667	.06666666666666667	.2	.1
5	135	20	3	19	45	1.5	1	.1111111111111111	3	.4444444444444444	.06666666666666667	.4222222222222222	.03333333333333333
1	95	21	2	3	45	.3	1	.022222222222222223	2.111111111111111	.4666666666666667	.044444444444444446	.06666666666666667	.006666666666666666
1	95	21	2	3	45	.3	1	.022222222222222223	2.111111111111111	.4666666666666667	.044444444444444446	.06666666666666667	.006666666666666666
1	15	1	1	1	6	.3	1	.16666666666666666	2.5	.16666666666666666	.16666666666666666	.16666666666666666	.049999999999999996
4	140	24	3	28	45	1.3	1	.08888888888888889	3.111111111111111	.5333333333333333	.06666666666666667	.6222222222222222	.02888888888888889
6	125	19	3	24	45	1.4	1	.13333333333333333	2.7777777777777777	.4222222222222222	.06666666666666667	.5333333333333333	.03111111111111111
0	10	2	1	0	30	0	1	0	.3333333333333333	.06666666666666667	.03333333333333333	0	0
5	50	0	2	9	13	1.7	1	.38461538461538464	3.8461538461538463	0	.15384615384615385	.6923076923076923	.13076923076923078
6	95	11	1	18	20	1.4	1	.3	4.75	.55	.05	.9	.06999999999999999
4	100	16	1	14	25	1.6	1	.16	4	.64	.04	.56	.064
4	35	0	0	11	5	2.5	1	.8	7	0	0	2.2	.5
4	35	0	0	11	5	2.5	1	.8	7	0	0	2.2	.5
0	10	2	1	0	76	0	1	0	.13157894736842105	.02631578947368421	.013157894736842105	0	0
0	15	4	1	0	70	0	1	0	.21428571428571427	.05714285714285714	.014285714285714285	0	0
0	20	4	1	0	70	0	1	0	.2857142857142857	.05714285714285714	.014285714285714285	0	0
0	20	4	1	0	70	0	1	0	.2857142857142857	.05714285714285714	.014285714285714285	0	0
3	120	23	1	0	28.35	1.7	1	.10582010582010581	4.232804232804233	.8112874779541446	.03527336860670194	0	.059964726631393295
3	115	22	1	1	28.35	2.2	1	.10582010582010581	4.056437389770723	.7760141093474426	.03527336860670194	.03527336860670194	.07760141093474426
0	30	7	1	0	72	0	1	0	.4166666666666667	.09722222222222222	.013888888888888888	0	0
0	15	4	0	0	15	0	1	0	1	.26666666666666666	0	0	0
1	10	1	0	0	2	0	1	.5	5	.5	0	0	0
0	5	1	0	0	40	0	1	0	.125	.025	0	0	0
6	70	0	4	18	17	3.6	1	.35294117647058826	4.117647058823529	0	.23529411764705882	1.0588235294117647	.21176470588235294
2	110	20	4	0	28.35	.3	1	.07054673721340388	3.880070546737213	.7054673721340388	.14109347442680775	0	.010582010582010581
3	50	6	1	6	10	.9	1	.3	5	.6	.1	.6	.09
2	40	5	1	1	8	.4	1	.25	5	.625	.125	.125	.05
1	50	11	1	0	68	.1	1	.014705882352941176	.7352941176470589	.16176470588235295	.014705882352941176	0	.0014705882352941176
1	30	0	5	126	20	.4	1	.05	1.5	0	.25	6.3	.02
0	10	1	0	0	2.6	.1	1	0	3.846153846153846	.3846153846153846	0	0	.038461538461538464
0	5	2	0	0	2.3	0	1	0	2.173913043478261	.8695652173913044	0	0	0
1	75	19	1	0	21	.3	1	.047619047619047616	3.5714285714285716	.9047619047619048	.047619047619047616	0	.014285714285714285
1	100	22	3	1	28.35	.6	1	.03527336860670194	3.527336860670194	.7760141093474426	.10582010582010581	.03527336860670194	.021164021164021163
2	25	2	1	9	16	.5	1	.125	1.5625	.125	.0625	.5625	.03125
9	155	16	2	0	28.35	1.4	1	.31746031746031744	5.467372134038801	.564373897707231	.07054673721340388	0	.04938271604938271
0	110	24	2	0	28.35	0	1	0	3.880070546737213	.8465608465608465	.07054673721340388	0	0
0	110	24	2	0	28.35	0	1	0	3.880070546737213	.8465608465608465	.07054673721340388	0	0
5	145	21	3	23	45	1.5	1	.1111111111111111	3.2222222222222223	.4666666666666667	.06666666666666667	.5111111111111111	.03333333333333333
14	125	0	0	0	14	1.8	1	1	8.928571428571429	0	0	0	.1285714285714286
0	60	14	2	0	63	.1	1	0	.9523809523809523	.2222222222222222	.031746031746031744	0	.0015873015873015873
0	60	14	2	0	63	.1	1	0	.9523809523809523	.2222222222222222	.031746031746031744	0	.0015873015873015873
1	85	19	3	0	77	.2	1	.012987012987012988	1.103896103896104	.24675324675324675	.03896103896103896	0	.0025974025974025974
1	85	19	3	0	77	.2	1	.012987012987012988	1.103896103896104	.24675324675324675	.03896103896103896	0	.0025974025974025974
1	65	12	2	0	25	.2	1	.04	2.6	.48	.08	0	.008
1	65	12	2	0	21	.2	1	.047619047619047616	3.0952380952380953	.5714285714285714	.09523809523809523	0	.009523809523809525
0	5	1	0	0	28	0	1	0	.17857142857142858	.03571428571428571	0	0	0
0	5	1	0	0	2	0	1	0	2.5	.5	0	0	0
6	110	13	2	24	28.35	1.8	1	.21164021164021163	3.880070546737213	.4585537918871252	.07054673721340388	.8465608465608465	.06349206349206349
4	120	20	2	19	35	1.8	1	.11428571428571428	3.4285714285714284	.5714285714285714	.05714285714285714	.5428571428571428	.05142857142857143
0	15	0	4	0	33	0	1	0	.45454545454545453	0	.12121212121212122	0	0
0	10	2	1	0	50	0	1	0	.2	.04	.02	0	0
1	140	27	5	0	57	.3	1	.017543859649122806	2.456140350877193	.47368421052631576	.08771929824561403	0	.005263157894736842
1	140	27	5	0	50	.3	1	.02	2.8	.54	.1	0	.006
13	115	0	0	0	13	3.3	1	1	8.846153846153847	0	0	0	.25384615384615383
6	75	1	4	25	28.35	4.2	1	.21164021164021163	2.6455026455026456	.03527336860670194	.14109347442680775	.8818342151675485	.14814814814814814
3	70	4	6	26	28	.8	1	.10714285714285714	2.5	.14285714285714285	.21428571428571427	.9285714285714286	.028571428571428574
0	105	27	0	0	28.35	0	1	0	3.7037037037037037	.9523809523809523	0	0	0
1	100	18	3	0	35	.3	1	.02857142857142857	2.857142857142857	.5142857142857142	.08571428571428572	0	.008571428571428572
2	25	2	0	0	16	.2	1	.125	1.5625	.125	0	0	.0125
9	85	1	0	0	16	1.4	1	.5625	5.3125	.0625	0	0	.0875
1	110	25	2	0	28.35	.2	1	.03527336860670194	3.880070546737213	.8818342151675485	.07054673721340388	0	.007054673721340388
3	115	21	1	1	28.35	2.1	1	.10582010582010581	4.056437389770723	.7407407407407407	.03527336860670194	.03527336860670194	.07407407407407407
0	10	2	0	0	2.8	0	1	0	3.5714285714285716	.7142857142857143	0	0	0
0	25	0	6	0	7	0	1	0	3.5714285714285716	0	.8571428571428571	0	0
4	175	32	2	1	63	1.1	1	.06349206349206349	2.7777777777777777	.5079365079365079	.031746031746031744	.015873015873015872	.01746031746031746
0	95	0	0	0	42	0	1	0	2.261904761904762	0	0	0	0
0	105	0	0	0	42	0	1	0	2.5	0	0	0	0
0	110	0	0	0	42	0	1	0	2.619047619047619	0	0	0	0
1	110	24	2	0	28.35	.7	1	.03527336860670194	3.880070546737213	.8465608465608465	.07054673721340388	0	.024691358024691357
1	60	11	1	0	14	.4	1	.07142857142857142	4.285714285714286	.7857142857142857	.07142857142857142	0	.028571428571428574
0	100	23	3	0	28.35	0	1	0	3.527336860670194	.8112874779541446	.10582010582010581	0	0
0	35	9	0	0	50	.1	1	0	.7	.18	0	0	.002
0	40	10	0	0	57	.1	1	0	.7017543859649122	.17543859649122806	0	0	.0017543859649122807
0	100	25	0	0	28.35	0	1	0	3.527336860670194	.8818342151675485	0	0	0
2	20	1	0	6	15	1.1	1	.13333333333333333	1.3333333333333333	.06666666666666667	0	.4	.07333333333333333
0	110	28	0	0	28.35	0	1	0	3.880070546737213	.9876543209876543	0	0	0
0	65	17	0	0	21	0	1	0	3.0952380952380953	.8095238095238095	0	0	0
1	105	23	3	0	28.35	.1	1	.03527336860670194	3.7037037037037037	.8112874779541446	.10582010582010581	0	.003527336860670194
5	100	12	2	22	50	3.4	1	.1	2	.24	.04	.44	.068
1	20	2	0	0	15	1.4	1	.06666666666666667	1.3333333333333333	.13333333333333333	0	0	.09333333333333332
1	10	1	0	0	2	.7	1	.5	5	.5	0	0	.35
1	15	1	0	0	4	.9	1	.25	3.75	.25	0	0	.225
2	20	1	0	1	12	1.6	1	.16666666666666666	1.6666666666666667	.08333333333333333	0	.08333333333333333	.13333333333333333
1	10	1	0	0	4	.8	1	.25	2.5	.25	0	0	.2
0	10	1	0	0	4	.4	1	0	2.5	.25	0	0	.1
0	85	17	3	0	30	0	1	0	2.8333333333333335	.5666666666666667	.1	0	0
0	5	2	0	0	15	0	1	0	.3333333333333333	.13333333333333333	0	0	0
9	80	1	0	0	15	1.3	1	.6	5.333333333333333	.06666666666666667	0	0	.08666666666666667
0	40	10	0	0	14	0	1	0	2.857142857142857	.7142857142857143	0	0	0
0	55	14	0	0	20	0	1	0	2.75	.7	0	0	0
0	40	10	0	0	14	0	1	0	2.857142857142857	.7142857142857143	0	0	0
0	50	13	0	0	18	0	1	0	2.7777777777777777	.7222222222222222	0	0	0
0	105	26	0	0	28.35	0	1	0	3.7037037037037037	.9171075837742504	0	0	0
0	45	11	1	0	76	0	1	0	.5921052631578947	.14473684210526316	.013157894736842105	0	0
0	5	1	0	0	15	0	1	0	.3333333333333333	.06666666666666667	0	0	0
0	15	5	1	0	58	0	1	0	.25862068965517243	.08620689655172414	.017241379310344827	0	0
0	0	0	0	0	15	0	1	0	0	0	0	0	0
0	5	1	1	0	55	0	1	0	.09090909090909091	.01818181818181818	.01818181818181818	0	0
0	10	2	1	0	56	0	1	0	.17857142857142858	.03571428571428571	.017857142857142856	0	0
3	30	1	0	10	15	1.8	1	.2	2	.06666666666666667	0	.6666666666666666	.12000000000000001
1	110	23	3	0	28.35	.2	1	.03527336860670194	3.880070546737213	.8112874779541446	.10582010582010581	0	.007054673721340388
1	85	18	1	1	21	.5	1	.047619047619047616	4.0476190476190474	.8571428571428571	.047619047619047616	.047619047619047616	.023809523809523808
2	85	15	3	4	21	.9	1	.09523809523809523	4.0476190476190474	.7142857142857143	.14285714285714285	.19047619047619047	.04285714285714286
5	50	0	0	0	14	1.1	1	.35714285714285715	3.5714285714285716	0	0	0	.07857142857142858
4	35	0	0	0	5	.8	1	.8	7	0	0	0	.16
11	100	0	0	0	14	2.2	1	.7857142857142857	7.142857142857143	0	0	0	.15714285714285717
11	100	0	0	0	14	1.9	1	.7857142857142857	7.142857142857143	0	0	0	.1357142857142857
3	25	0	0	0	5	.7	1	.6	5	0	0	0	.13999999999999999
9	75	0	0	0	14	2	1	.6428571428571429	5.357142857142857	0	0	0	.14285714285714285
9	75	0	0	0	14	1.8	1	.6428571428571429	5.357142857142857	0	0	0	.1285714285714286
0	90	23	1	0	28.35	0	1	0	3.1746031746031744	.8112874779541446	.03527336860670194	0	0
5	60	4	0	4	15	.7	1	.3333333333333333	4	.26666666666666666	0	.26666666666666666	.04666666666666666
3	35	2	0	4	15	.5	1	.2	2.3333333333333335	.13333333333333333	0	.26666666666666666	.03333333333333333
11	100	0	0	8	14	1.7	1	.7857142857142857	7.142857142857143	0	0	.5714285714285714	.12142857142857143
0	20	4	1	0	5	.1	1	0	4	.8	.2	0	.02
1	65	12	2	0	25	.2	1	.04	2.6	.48	.08	0	.008
1	65	12	2	0	23	.2	1	.043478260869565216	2.8260869565217392	.5217391304347826	.08695652173913043	0	.008695652173913044
0	85	22	0	0	40	0	1	0	2.125	.55	0	0	0
6	80	1	6	22	28.35	3.7	1	.21164021164021163	2.821869488536155	.03527336860670194	.21164021164021163	.7760141093474426	.13051146384479717
5	80	1	8	15	28.35	3.1	1	.1763668430335097	2.821869488536155	.03527336860670194	.2821869488536155	.5291005291005291	.10934744268077601
0	20	3	1	0	70	0	1	0	.2857142857142857	.04285714285714286	.014285714285714285	0	0
0	5	0	0	0	5	0	1	0	1	0	0	0	0
5	125	19	3	0	28.35	3.3	1	.1763668430335097	4.409171075837742	.6701940035273368	.10582010582010581	0	.1164021164021164
1	65	12	2	0	25	.2	1	.04	2.6	.48	.08	0	.008
1	65	12	2	0	23	.2	1	.043478260869565216	2.8260869565217392	.5217391304347826	.08695652173913043	0	.008695652173913044
14	125	0	0	0	14	1.9	1	1	8.928571428571429	0	0	0	.1357142857142857
2	15	0	0	0	13	.2	1	.15384615384615385	1.1538461538461537	0	0	0	.015384615384615385
2	15	0	0	0	9	.3	1	.2222222222222222	1.6666666666666667	0	0	0	.03333333333333333
0	5	2	0	0	2.1	0	1	0	2.380952380952381	.9523809523809523	0	0	0
5	80	8	1	0	20	1.7	1	.25	4	.4	.05	0	.08499999999999999
0	20	4	1	0	7	.1	1	0	2.857142857142857	.5714285714285714	.14285714285714285	0	.014285714285714287
0	10	2	1	0	30	0	1	0	.3333333333333333	.06666666666666667	.03333333333333333	0	0
0	5	1	0	0	1.5	0	1	0	3.3333333333333335	.6666666666666666	0	0	0
5	90	5	5	35	45	1.4	1	.1111111111111111	2	.1111111111111111	.1111111111111111	.7777777777777778	.03111111111111111
2	55	6	2	20	27	.9	1	.07407407407407407	2.037037037037037	.2222222222222222	.07407407407407407	.7407407407407407	.03333333333333333
2	60	8	2	16	27	.5	1	.07407407407407407	2.2222222222222223	.2962962962962963	.07407407407407407	.5925925925925926	.018518518518518517
2	60	9	2	16	27	.5	1	.07407407407407407	2.2222222222222223	.3333333333333333	.07407407407407407	.5925925925925926	.018518518518518517
0	5	1	0	0	2.1	0	1	0	2.380952380952381	.47619047619047616	0	0	0
2	25	0	2	4	5	1	1	.4	5	0	.4	.8	.2
0	0	0	0	0	.4	0	1	0	0	0	0	0	0
0	5	1	0	0	10	0	1	0	.5	.1	0	0	0
6	80	2	5	16	28.35	3.8	1	.21164021164021163	2.821869488536155	.07054673721340388	.1763668430335097	.564373897707231	.13403880070546736
0	60	16	0	0	81	0	1	0	.7407407407407407	.19753086419753085	0	0	0
0	35	9	0	0	77	0	1	0	.45454545454545453	.11688311688311688	0	0	0
8	95	3	5	0	16	1.4	1	.5	5.9375	.1875	.3125	0	.0875
14	125	0	0	0	14	2.4	1	1	8.928571428571429	0	0	0	.17142857142857143
0	60	15	0	0	79	0	1	0	.759493670886076	.189873417721519	0	0	0
0	40	10	0	0	77	0	1	0	.5194805194805194	.12987012987012986	0	0	0
0	20	4	1	0	45	0	1	0	.4444444444444444	.08888888888888889	.022222222222222223	0	0
0	20	4	1	0	45	0	1	0	.4444444444444444	.08888888888888889	.022222222222222223	0	0
0	15	3	0	0	73	0	1	0	.2054794520547945	.0410958904109589	0	0	0
0	15	3	0	0	73	0	1	0	.2054794520547945	.0410958904109589	0	0	0
0	20	4	1	0	74	0	1	0	.2702702702702703	.05405405405405406	.013513513513513514	0	0
0	20	4	1	0	74	0	1	0	.2702702702702703	.05405405405405406	.013513513513513514	0	0
0	5	1	0	0	2.1	0	1	0	2.380952380952381	.47619047619047616	0	0	0
0	5	1	0	0	65	0	1	0	.07692307692307693	.015384615384615385	0	0	0
0	10	3	0	0	15	0	1	0	.6666666666666666	.2	0	0	0
0	20	5	0	0	15	0	1	0	1.3333333333333333	.3333333333333333	0	0	0
0	45	12	0	0	58	0	1	0	.7758620689655172	.20689655172413793	0	0	0
0	35	9	0	0	58	0	1	0	.603448275862069	.15517241379310345	0	0	0
1	165	33	6	0	60	.1	1	.016666666666666666	2.75	.55	.1	0	.0016666666666666668
0	15	4	0	0	28	0	1	0	.5357142857142857	.14285714285714285	0	0	0
0	35	9	1	0	66	0	1	0	.5303030303030303	.13636363636363635	.015151515151515152	0	0
0	30	6	1	0	8	0	1	0	3.75	.75	.125	0	0
3	55	6	1	0	11	.5	1	.2727272727272727	5	.5454545454545454	.09090909090909091	0	.045454545454545456
1	135	30	2	0	35	.1	1	.02857142857142857	3.857142857142857	.8571428571428571	.05714285714285714	0	.002857142857142857
4	50	0	3	11	13	1.4	1	.3076923076923077	3.8461538461538463	0	.23076923076923078	.8461538461538461	.10769230769230768
7	105	10	1	0	20	1.8	1	.35	5.25	.5	.05	0	.09
4	110	17	2	0	50	2.1	1	.08	2.2	.34	.04	0	.042
5	120	15	2	32	30	1.2	1	.16666666666666666	4	.5	.06666666666666667	1.0666666666666667	.04
0	10	2	0	0	3	0	1	0	3.3333333333333335	.6666666666666666	0	0	0
1	65	13	2	0	16	.1	1	.0625	4.0625	.8125	.125	0	.00625
0	110	24	3	0	28.35	0	1	0	3.880070546737213	.8465608465608465	.10582010582010581	0	0
0	115	31	1	0	49	0	1	0	2.3469387755102042	.6326530612244898	.02040816326530612	0	0
1	80	16	3	0	32	.2	1	.03125	2.5	.5	.09375	0	.00625
1	80	16	3	0	29	.2	1	.034482758620689655	2.7586206896551726	.5517241379310345	.10344827586206896	0	.006896551724137932
0	5	1	0	0	18	0	1	0	.2777777777777778	.05555555555555555	0	0	0
1	90	21	3	0	28.35	.1	1	.03527336860670194	3.1746031746031744	.7407407407407407	.10582010582010581	0	.003527336860670194
1	85	21	3	0	28.35	.1	1	.03527336860670194	2.998236331569665	.7407407407407407	.10582010582010581	0	.003527336860670194
1	65	13	2	0	25	.2	1	.04	2.6	.52	.08	0	.008
1	65	13	2	0	21	.2	1	.047619047619047616	3.0952380952380953	.6190476190476191	.09523809523809523	0	.009523809523809525
0	40	11	0	0	14	0	1	0	2.857142857142857	.7857142857142857	0	0	0
0	20	5	0	0	15	0	1	0	1.3333333333333333	.3333333333333333	0	0	0
0	110	25	2	0	28.35	0	1	0	3.880070546737213	.8818342151675485	.07054673721340388	0	0
2	85	14	2	0	28	.5	1	.07142857142857142	3.0357142857142856	.5	.07142857142857142	0	.017857142857142856
3	120	20	3	12	35	.8	1	.08571428571428572	3.4285714285714284	.5714285714285714	.08571428571428572	.34285714285714286	.022857142857142857
2	115	20	3	0	40	.5	1	.05	2.875	.5	.075	0	.0125
2	155	30	5	0	50	.4	1	.04	3.1	.6	.1	0	.008
1	65	12	2	0	25	.2	1	.04	2.6	.48	.08	0	.008
1	65	12	2	0	22	.2	1	.045454545454545456	2.9545454545454546	.5454545454545454	.09090909090909091	0	.009090909090909092
1	55	10	1	0	14	.3	1	.07142857142857142	3.9285714285714284	.7142857142857143	.07142857142857142	0	.02142857142857143
14	125	0	0	0	14	1.3	1	1	8.928571428571429	0	0	0	.09285714285714286
7	85	1	5	16	20	2.4	1	.35	4.25	.05	.25	.8	.12
0	0	0	0	0	5.5	0	1	0	0	0	0	0	0
1	50	9	1	4	12	.5	1	.08333333333333333	4.166666666666667	.75	.08333333333333333	.3333333333333333	.041666666666666664
3	35	2	1	6	15	.9	1	.2	2.3333333333333335	.13333333333333333	.06666666666666667	.4	.060000000000000005
0	10	3	0	0	28.35	.1	1	0	.3527336860670194	.10582010582010581	0	0	.003527336860670194
4	45	1	2	0	8	.6	1	.5	5.625	.125	.25	0	.075
8	145	17	2	0	28	1.3	1	.2857142857142857	5.178571428571429	.6071428571428571	.07142857142857142	0	.04642857142857143
1	100	23	3	0	28.35	.1	1	.03527336860670194	3.527336860670194	.8112874779541446	.10582010582010581	0	.003527336860670194
4	105	17	1	15	28	1.7	1	.14285714285714285	3.75	.6071428571428571	.03571428571428571	.5357142857142857	.060714285714285714
5	155	27	1	7	42	2.3	1	.11904761904761904	3.6904761904761907	.6428571428571429	.023809523809523808	.16666666666666666	.054761904761904755
1	15	2	0	0	3	.2	1	.3333333333333333	5	.6666666666666666	0	0	.06666666666666667
3	25	1	0	5	12	1.6	1	.25	2.0833333333333335	.08333333333333333	0	.4166666666666667	.13333333333333333
0	10	2	2	0	18	0	1	0	.5555555555555556	.1111111111111111	.1111111111111111	0	0
14	125	0	0	0	14	2.5	1	1	8.928571428571429	0	0	0	.17857142857142858
14	125	0	0	0	14	2.1	1	1	8.928571428571429	0	0	0	.15
0	110	21	6	0	28.35	0	1	0	3.880070546737213	.7407407407407407	.21164021164021163	0	0
0	10	2	2	0	55	0	1	0	.18181818181818182	.03636363636363636	.03636363636363636	0	0
0	110	26	1	0	28.35	0	1	0	3.880070546737213	.9171075837742504	.03527336860670194	0	0
1	105	25	2	0	28.35	.1	1	.03527336860670194	3.7037037037037037	.8818342151675485	.07054673721340388	0	.003527336860670194
0	25	6	0	0	6	0	1	0	4.166666666666667	1	0	0	0
0	45	12	0	0	12	0	1	0	3.75	1	0	0	0
14	125	0	0	0	14	1.4	1	1	8.928571428571429	0	0	0	.09999999999999999
0	105	26	2	0	28.35	0	1	0	3.7037037037037037	.9171075837742504	.07054673721340388	0	0
0	35	8	1	0	40	0	1	0	.875	.2	.025	0	0
0	85	22	1	0	38	.2	1	0	2.236842105263158	.5789473684210527	.02631578947368421	0	.005263157894736842
5	125	21	2	0	38	3.1	1	.13157894736842105	3.289473684210526	.5526315789473685	.05263157894736842	0	.08157894736842106
0	122	32	0	0	42	0	1	0	2.9047619047619047	.7619047619047619	0	0	0
8	90	3	3	0	15	1.1	1	.5333333333333333	6	.2	.2	0	.07333333333333333
8	75	1	0	4	14	1.2	1	.5714285714285714	5.357142857142857	.07142857142857142	0	.2857142857142857	.08571428571428572
1	65	13	2	0	30	.1	1	.03333333333333333	2.1666666666666665	.43333333333333335	.06666666666666667	0	.0033333333333333335
1	100	22	3	0	28.35	.1	1	.03527336860670194	3.527336860670194	.7760141093474426	.10582010582010581	0	.003527336860670194
0	110	25	2	0	28.35	.2	1	0	3.880070546737213	.8818342151675485	.07054673721340388	0	.007054673721340388
1	45	0	10	17	42	.2	1	.023809523809523808	1.0714285714285714	0	.23809523809523808	.40476190476190477	.004761904761904762
1	45	0	10	17	42	.2	1	.023809523809523808	1.0714285714285714	0	.23809523809523808	.40476190476190477	.004761904761904762
1	70	13	2	0	25	.2	1	.04	2.8	.52	.08	0	.008
4	45	0	2	8	16	1.5	1	.25	2.8125	0	.125	.5	.09375
8	70	0	0	0	16	1.5	1	.5	4.375	0	0	0	.09375
0	0	1	0	0	15	0	1	0	0	.06666666666666667	0	0	0
1	65	12	2	0	25	.2	1	.04	2.6	.48	.08	0	.008
1	65	12	3	0	23	.2	1	.043478260869565216	2.8260869565217392	.5217391304347826	.13043478260869565	0	.008695652173913044
0	100	23	3	0	28.35	.1	1	0	3.527336860670194	.8112874779541446	.10582010582010581	0	.003527336860670194
1	35	5	1	0	8	.5	1	.125	4.375	.625	.125	0	.0625
1	10	0	0	2	3	.4	1	.3333333333333333	3.3333333333333335	0	0	.6666666666666666	.13333333333333333
6	50	0	0	21	15	3.5	1	.4	3.3333333333333335	0	0	1.4	.23333333333333334
5	45	0	0	17	15	2.9	1	.3333333333333333	3	0	0	1.1333333333333333	.19333333333333333
2	120	22	4	0	45	.6	1	.044444444444444446	2.6666666666666665	.4888888888888889	.08888888888888889	0	.013333333333333332
1	80	15	2	0	30	.4	1	.03333333333333333	2.6666666666666665	.5	.06666666666666667	0	.013333333333333334
1	65	12	2	0	25	.3	1	.04	2.6	.48	.08	0	.012
1	55	10	2	0	20	.2	1	.05	2.75	.5	.1	0	.01
1	65	12	2	0	22	.3	1	.045454545454545456	2.9545454545454546	.5454545454545454	.09090909090909091	0	.013636363636363636
1	55	10	2	0	17	.2	1	.058823529411764705	3.235294117647059	.5882352941176471	.11764705882352941	0	.011764705882352941
1	70	13	3	0	28	.4	1	.03571428571428571	2.5	.4642857142857143	.10714285714285714	0	.014285714285714287
1	70	13	3	0	25	.4	1	.04	2.8	.52	.12	0	.016
2	35	5	1	0	8	.5	1	.25	4.375	.625	.125	0	.0625
0	20	3	3	0	7	0	1	0	2.857142857142857	.42857142857142855	.42857142857142855	0	0
0	25	3	3	0	8	0	1	0	3.125	.375	.375	0	0
6	135	18	3	0	28.35	4.1	2	.21164021164021163	4.761904761904762	.6349206349206349	.10582010582010581	0	.14462081128747795
15	165	6	6	0	28.35	1.4	2	.5291005291005291	5.82010582010582	.21164021164021163	.21164021164021163	0	.04938271604938271
18	405	60	3	0	158	4.6	2	.11392405063291139	2.5632911392405062	.379746835443038	.0189873417721519	0	.02911392405063291
30	305	12	4	0	173	4.5	2	.17341040462427745	1.7630057803468209	.06936416184971098	.023121387283236993	0	.02601156069364162
2	200	38	7	44	68	.3	2	.029411764705882353	2.9411764705882355	.5588235294117647	.10294117647058823	.6470588235294118	.004411764705882353
2	200	38	7	0	68	.3	2	.029411764705882353	2.9411764705882355	.5588235294117647	.10294117647058823	0	.004411764705882353
8	100	1	6	21	28.35	5.3	2	.2821869488536155	3.527336860670194	.03527336860670194	.21164021164021163	.7407407407407407	.18694885361552027
5	140	22	3	45	45	1.4	2	.1111111111111111	3.111111111111111	.4888888888888889	.06666666666666667	1	.03111111111111111
17	380	55	4	0	158	4.3	2	.10759493670886076	2.4050632911392404	.34810126582278483	.02531645569620253	0	.02721518987341772
16	180	2	7	31	57	6.1	2	.2807017543859649	3.1578947368421053	.03508771929824561	.12280701754385964	.543859649122807	.10701754385964912
18	205	2	8	89	57	6.2	2	.3157894736842105	3.5964912280701755	.03508771929824561	.14035087719298245	1.5614035087719298	.10877192982456141
19	185	4	4	0	28.35	4.6	2	.6701940035273368	6.525573192239858	.14109347442680775	.14109347442680775	0	.16225749559082892
31	500	50	9	0	140	6.1	2	.22142857142857142	3.5714285714285716	.35714285714285715	.06428571428571428	0	.043571428571428567
26	420	40	9	67	203	5.3	2	.12807881773399016	2.0689655172413794	.19704433497536947	.04433497536945813	.33004926108374383	.026108374384236452
5	390	73	13	5	100	1.5	2	.05	3.9	.73	.13	.05	.015
1	340	78	6	0	98	.2	2	.01020408163265306	3.4693877551020407	.7959183673469388	.061224489795918366	0	.0020408163265306124
3	600	129	19	0	170	1.2	2	.01764705882352941	3.5294117647058822	.7588235294117647	.11176470588235295	0	.007058823529411764
11	100	0	0	31	14	7.1	2	.7857142857142857	7.142857142857143	0	0	2.2142857142857144	.5071428571428571
11	100	0	0	31	14	7.1	2	.7857142857142857	7.142857142857143	0	0	2.2142857142857144	.5071428571428571
1	350	76	7	0	96	.1	2	.010416666666666666	3.6458333333333335	.7916666666666666	.07291666666666667	0	.0010416666666666667
9	115	0	8	27	38	5.8	2	.23684210526315788	3.026315789473684	0	.21052631578947367	.7105263157894737	.15263157894736842
21	385	48	4	74	96	4.1	2	.21875	4.010416666666667	.5	.041666666666666664	.7708333333333334	.04270833333333333
13	165	9	4	0	28.35	2.6	2	.4585537918871252	5.82010582010582	.31746031746031744	.14109347442680775	0	.09171075837742504
13	165	9	4	0	28.35	2.6	2	.4585537918871252	5.82010582010582	.31746031746031744	.14109347442680775	0	.09171075837742504
14	165	8	5	0	28.35	2.7	2	.49382716049382713	5.82010582010582	.2821869488536155	.1763668430335097	0	.09523809523809523
14	165	8	5	0	28.35	2.7	2	.49382716049382713	5.82010582010582	.2821869488536155	.1763668430335097	0	.09523809523809523
9	115	0	7	30	28.35	6	2	.31746031746031744	4.056437389770723	0	.24691358024691357	1.0582010582010581	.21164021164021163
18	410	61	4	0	158	4.7	2	.11392405063291139	2.5949367088607596	.3860759493670886	.02531645569620253	0	.029746835443037977
9	115	3	6	45	45	2.5	2	.2	2.5555555555555554	.06666666666666667	.13333333333333333	1	.05555555555555555
4	90	1	11	28	57	1.1	2	.07017543859649122	1.5789473684210527	.017543859649122806	.19298245614035087	.49122807017543857	.01929824561403509
9	180	28	2	5	42	2.9	2	.21428571428571427	4.285714285714286	.6666666666666666	.047619047619047616	.11904761904761904	.06904761904761905
11	185	26	2	18	40	3.9	2	.275	4.625	.65	.05	.45	.0975
11	225	32	2	22	48	4	2	.22916666666666666	4.6875	.6666666666666666	.041666666666666664	.4583333333333333	.08333333333333333
15	145	8	3	0	28.35	9	2	.5291005291005291	5.114638447971781	.2821869488536155	.10582010582010581	0	.31746031746031744
15	160	7	1	0	45	13.4	2	.3333333333333333	3.5555555555555554	.15555555555555556	.022222222222222223	0	.2977777777777778
27	285	12	3	0	80	23.8	2	.3375	3.5625	.15	.0375	0	.2975
7	230	38	5	47	72	2	2	.09722222222222222	3.1944444444444446	.5277777777777778	.06944444444444445	.6527777777777778	.027777777777777776
6	145	22	3	42	45	1.7	2	.13333333333333333	3.2222222222222223	.4888888888888889	.06666666666666667	.9333333333333333	.03777777777777778
4	440	91	11	0	122	.5	2	.03278688524590164	3.6065573770491803	.7459016393442623	.09016393442622951	0	.004098360655737705
2	500	108	11	0	138	.2	2	.014492753623188406	3.6231884057971016	.782608695652174	.07971014492753623	0	.0014492753623188406
5	435	90	11	0	122	.5	2	.040983606557377046	3.5655737704918034	.7377049180327869	.09016393442622951	0	.004098360655737705
10	100	1	2	31	28.35	6.2	2	.3527336860670194	3.527336860670194	.03527336860670194	.07054673721340388	1.09347442680776	.21869488536155202
23	455	59	3	8	152	15	2	.1513157894736842	2.9934210526315788	.3881578947368421	.019736842105263157	.05263157894736842	.09868421052631579
12	235	27	5	13	57	3.5	2	.21052631578947367	4.12280701754386	.47368421052631576	.08771929824561403	.22807017543859648	.06140350877192982
13	235	28	4	56	65	3.9	2	.2	3.6153846153846154	.4307692307692308	.06153846153846154	.8615384615384616	.06
12	220	26	4	49	57	3.6	2	.21052631578947367	3.8596491228070176	.45614035087719296	.07017543859649122	.8596491228070176	.06315789473684211
0	230	61	2	0	83	.1	2	0	2.7710843373493974	.7349397590361446	.024096385542168676	0	.0012048192771084338
8	235	40	3	37	69	3.5	2	.11594202898550725	3.4057971014492754	.5797101449275363	.043478260869565216	.5362318840579711	.050724637681159424
12	210	24	3	20	50	2.8	2	.24	4.2	.48	.06	.4	.055999999999999994
13	235	26	4	21	60	5.2	2	.21666666666666667	3.9166666666666665	.43333333333333335	.06666666666666667	.35	.08666666666666667
4	210	42	2	27	56	1	2	.07142857142857142	3.75	.75	.03571428571428571	.48214285714285715	.017857142857142856
18	180	4	4	0	28.35	1.3	2	.6349206349206349	6.349206349206349	.14109347442680775	.14109347442680775	0	.04585537918871252
13	145	1	5	23	45	4.8	2	.28888888888888886	3.2222222222222223	.022222222222222223	.1111111111111111	.5111111111111111	.10666666666666666
7	155	17	6	112	65	1.6	2	.1076923076923077	2.3846153846153846	.26153846153846155	.09230769230769231	1.7230769230769232	.024615384615384615
14	255	31	2	14	85	5.8	2	.16470588235294117	3	.36470588235294116	.023529411764705882	.16470588235294117	.06823529411764706
14	250	32	2	13	85	5.8	2	.16470588235294117	2.9411764705882355	.3764705882352941	.023529411764705882	.15294117647058825	.06823529411764706
7	165	25	2	20	43	1.5	2	.16279069767441862	3.8372093023255816	.5813953488372093	.046511627906976744	.46511627906976744	.03488372093023256
28	315	10	7	89	242	17.3	2	.11570247933884298	1.3016528925619835	.04132231404958678	.028925619834710745	.3677685950413223	.07148760330578513
11	245	28	12	32	98	4.4	2	.11224489795918367	2.5	.2857142857142857	.12244897959183673	.32653061224489793	.04489795918367347
20	240	14	5	52	259	11.6	2	.07722007722007722	.9266409266409267	.05405405405405406	.019305019305019305	.20077220077220076	.044787644787644784
14	270	32	5	59	133	8.9	2	.10526315789473684	2.030075187969925	.24060150375939848	.03759398496240601	.44360902255639095	.06691729323308271
24	350	32	4	88	148	14.7	2	.16216216216216217	2.364864864864865	.21621621621621623	.02702702702702703	.5945945945945946	.09932432432432432
6	185	29	5	18	131	3.5	2	.04580152671755725	1.4122137404580153	.22137404580152673	.03816793893129771	.13740458015267176	.026717557251908396
19	240	17	1	0	75	16.3	2	.25333333333333335	3.2	.22666666666666666	.013333333333333334	0	.21733333333333335
16	185	11	1	0	70	13.2	2	.22857142857142856	2.642857142857143	.15714285714285714	.014285714285714285	0	.18857142857142856
10	150	13	3	8	80	8.5	2	.125	1.875	.1625	.0375	.1	.10625
13	115	0	0	12	13	5.1	2	1	8.846153846153847	0	0	.9230769230769231	.3923076923076923
14	355	53	5	143	140	4.3	2	.1	2.5357142857142856	.37857142857142856	.03571428571428571	1.0214285714285714	.03071428571428571
10	960	17	10	0	134	15.4	2	.07462686567164178	7.164179104477612	.12686567164179105	.07462686567164178	0	.11492537313432837
22	205	4	2	0	28.35	3.2	2	.7760141093474426	7.231040564373897	.14109347442680775	.07054673721340388	0	.1128747795414462
10	960	17	10	0	134	15.4	2	.07462686567164178	7.164179104477612	.12686567164179105	.07462686567164178	0	.11492537313432837
22	205	4	2	0	28.35	3.2	2	.7760141093474426	7.231040564373897	.14109347442680775	.07054673721340388	0	.1128747795414462
9	145	16	2	6	28.35	5.4	2	.31746031746031744	5.114638447971781	.564373897707231	.07054673721340388	.21164021164021163	.19047619047619047
10	150	15	3	5	28.35	4.8	2	.3527336860670194	5.291005291005291	.5291005291005291	.10582010582010581	.1763668430335097	.1693121693121693
11	155	13	4	5	28.35	4.2	2	.3880070546737213	5.467372134038801	.4585537918871252	.14109347442680775	.1763668430335097	.14814814814814814
7	140	18	2	6	28.35	4.4	2	.24691358024691357	4.938271604938271	.6349206349206349	.07054673721340388	.21164021164021163	.15520282186948853
15	170	7	5	0	28.35	2	2	.5291005291005291	5.99647266313933	.24691358024691357	.1763668430335097	0	.07054673721340388
15	170	7	5	0	28.35	2	2	.5291005291005291	5.99647266313933	.24691358024691357	.1763668430335097	0	.07054673721340388
16	175	6	5	0	28.35	2.5	2	.564373897707231	6.172839506172839	.21164021164021163	.1763668430335097	0	.08818342151675485
16	175	6	5	0	28.35	2.5	2	.564373897707231	6.172839506172839	.21164021164021163	.1763668430335097	0	.08818342151675485
9	105	0	7	27	28.35	5.4	2	.31746031746031744	3.7037037037037037	0	.24691358024691357	.9523809523809523	.19047619047619047
11	220	26	6	5	45	2.1	2	.24444444444444444	4.888888888888889	.5777777777777777	.13333333333333333	.1111111111111111	.04666666666666667
10	245	36	3	2	52	2.5	2	.19230769230769232	4.711538461538462	.6923076923076923	.057692307692307696	.038461538461538464	.04807692307692308
9	130	1	12	22	28.35	5.4	2	.31746031746031744	4.585537918871252	.03527336860670194	.42328042328042326	.7760141093474426	.19047619047619047
7	95	1	7	24	28.35	4.5	2	.24691358024691357	3.3509700176366843	.03527336860670194	.24691358024691357	.8465608465608465	.15873015873015872
9	105	0	6	27	28.35	5.6	2	.31746031746031744	3.7037037037037037	0	.21164021164021163	.9523809523809523	.19753086419753085
7	95	2	6	18	28.35	4.4	2	.24691358024691357	3.3509700176366843	.07054673721340388	.21164021164021163	.6349206349206349	.15520282186948853
17	405	60	4	0	158	4.1	2	.10759493670886076	2.5632911392405062	.379746835443038	.02531645569620253	0	.02594936708860759
14	245	28	4	22	48	4	2	.2916666666666667	5.104166666666667	.5833333333333334	.08333333333333333	.4583333333333333	.08333333333333333
14	165	5	8	0	28.35	1.9	2	.49382716049382713	5.82010582010582	.1763668430335097	.2821869488536155	0	.06701940035273368
14	165	5	8	0	28.35	1.9	2	.49382716049382713	5.82010582010582	.1763668430335097	.2821869488536155	0	.06701940035273368
32	575	71	7	95	138	4.7	2	.2318840579710145	4.166666666666667	.5144927536231884	.050724637681159424	.6884057971014492	.034057971014492754
19	190	5	2	0	28.35	1.5	2	.6701940035273368	6.701940035273369	.1763668430335097	.07054673721340388	0	.05291005291005291
17	160	5	3	0	28.35	2.7	2	.599647266313933	5.64373897707231	.1763668430335097	.10582010582010581	0	.09523809523809523
14	165	7	6	0	28.35	1.7	2	.49382716049382713	5.82010582010582	.24691358024691357	.21164021164021163	0	.059964726631393295
9	110	0	6	16	19	3.3	2	.47368421052631576	5.7894736842105265	0	.3157894736842105	.8421052631578947	.17368421052631577
4	85	1	11	27	46	1.3	2	.08695652173913043	1.8478260869565217	.021739130434782608	.2391304347826087	.5869565217391305	.02826086956521739
13	140	1	5	26	42	4.5	2	.30952380952380953	3.3333333333333335	.023809523809523808	.11904761904761904	.6190476190476191	.10714285714285714
7	95	0	7	21	42	2.4	2	.16666666666666666	2.261904761904762	0	.16666666666666666	.5	.05714285714285714
3	75	1	11	27	57	.9	2	.05263157894736842	1.3157894736842106	.017543859649122806	.19298245614035087	.47368421052631576	.015789473684210527
6	105	2	10	32	57	1.9	2	.10526315789473684	1.8421052631578947	.03508771929824561	.17543859649122806	.5614035087719298	.03333333333333333
18	340	44	5	0	156	7	2	.11538461538461539	2.1794871794871793	.28205128205128205	.03205128205128205	0	.04487179487179487
12	235	32	4	29	210	7.2	2	.05714285714285714	1.119047619047619	.1523809523809524	.01904761904761905	.1380952380952381	.03428571428571429
8	160	20	2	0	50	2.5	2	.16	3.2	.4	.04	0	.05
5	110	15	2	64	29	3	2	.1724137931034483	3.793103448275862	.5172413793103449	.06896551724137931	2.206896551724138	.10344827586206896
2	240	48	6	0	60	.4	2	.03333333333333333	4	.8	.1	0	.006666666666666667
8	100	1	7	20	28.35	4.8	2	.2821869488536155	3.527336860670194	.03527336860670194	.24691358024691357	.7054673721340388	.1693121693121693
11	205	30	3	1	142	9.5	2	.07746478873239436	1.443661971830986	.2112676056338028	.02112676056338028	.007042253521126761	.06690140845070422
5	160	28	3	0	142	4.8	2	.035211267605633804	1.1267605633802817	.19718309859154928	.02112676056338028	0	.03380281690140845
10	220	33	2	1	142	9.5	2	.07042253521126761	1.5492957746478873	.2323943661971831	.014084507042253521	.007042253521126761	.06690140845070422
13	155	5	7	0	28.35	2.5	2	.4585537918871252	5.467372134038801	.1763668430335097	.24691358024691357	0	.08818342151675485
17	320	37	6	109	152	6.4	2	.1118421052631579	2.1052631578947367	.24342105263157895	.039473684210526314	.7171052631578947	.042105263157894736
8	400	72	11	0	135	1.8	2	.05925925925925926	2.962962962962963	.5333333333333333	.08148148148148149	0	.013333333333333334
11	145	1	8	37	57	4.6	2	.19298245614035087	2.543859649122807	.017543859649122806	.14035087719298245	.6491228070175439	.0807017543859649
8	195	29	2	0	40	2	2	.2	4.875	.725	.05	0	.05
1	440	93	12	0	125	.2	2	.008	3.52	.744	.096	0	.0016
14	445	77	4	70	121	4.6	2	.11570247933884298	3.677685950413223	.6363636363636364	.03305785123966942	.5785123966942148	.03801652892561983
12	315	48	4	61	86	3.3	2	.13953488372093023	3.6627906976744184	.5581395348837209	.046511627906976744	.7093023255813954	.03837209302325581
8	155	20	2	27	32	2.9	2	.25	4.84375	.625	.0625	.84375	.090625
12	235	31	2	29	48	2.3	2	.25	4.895833333333333	.6458333333333334	.041666666666666664	.6041666666666666	.04791666666666666
0	385	100	0	0	100	0	2	0	3.85	1	0	0	0
14	160	5	6	0	28.35	1.5	2	.49382716049382713	5.64373897707231	.1763668430335097	.21164021164021163	0	.05291005291005291
10	150	16	1	0	28.35	5.9	2	.3527336860670194	5.291005291005291	.564373897707231	.03527336860670194	0	.20811287477954143
8	105	1	8	26	28.35	5	2	.2821869488536155	3.7037037037037037	.03527336860670194	.2821869488536155	.9171075837742504	.1763668430335097
11	195	15	9	21	81	4.1	2	.13580246913580246	2.4074074074074074	.18518518518518517	.1111111111111111	.25925925925925924	.05061728395061728
6	210	38	2	0	54	1.7	2	.1111111111111111	3.888888888888889	.7037037037037037	.037037037037037035	0	.03148148148148148
3	75	0	11	32	57	1	2	.05263157894736842	1.3157894736842106	0	.19298245614035087	.5614035087719298	.017543859649122806
12	180	10	9	40	64	3	2	.1875	2.8125	.15625	.140625	.625	.046875
7	185	29	2	25	40	1.8	2	.175	4.625	.725	.05	.625	.045
13	245	26	7	102	75	4	2	.17333333333333334	3.2666666666666666	.3466666666666667	.09333333333333334	1.36	.05333333333333334
8	205	27	7	59	75	2.7	2	.10666666666666667	2.7333333333333334	.36	.09333333333333334	.7866666666666666	.036000000000000004
16	170	3	7	0	28.35	1	2	.564373897707231	5.99647266313933	.10582010582010581	.24691358024691357	0	.03527336860670194
18	180	5	4	0	28.35	1.6	2	.6349206349206349	6.349206349206349	.1763668430335097	.14109347442680775	0	.0564373897707231
1	420	88	12	0	115	.2	2	.008695652173913044	3.652173913043478	.7652173913043478	.10434782608695652	0	.0017391304347826088
1	455	95	13	0	125	.2	2	.008	3.64	.76	.104	0	.0016
13	155	7	2	46	60	8.3	2	.21666666666666667	2.5833333333333335	.11666666666666667	.03333333333333333	.7666666666666667	.13833333333333334
9	260	42	3	3	71	2.1	2	.1267605633802817	3.6619718309859155	.5915492957746479	.04225352112676056	.04225352112676056	.029577464788732397
30	395	24	10	32	250	9.1	2	.12	1.58	.096	.04	.128	.0364
2	400	85	16	0	120	.3	2	.016666666666666666	3.3333333333333335	.7083333333333334	.13333333333333333	0	.0025
8	235	40	3	36	69	3	2	.11594202898550725	3.4057971014492754	.5797101449275363	.043478260869565216	.5217391304347826	.043478260869565216
11	245	39	2	38	69	5.7	2	.15942028985507245	3.550724637681159	.5652173913043478	.028985507246376812	.5507246376811594	.08260869565217392
70	795	28	27	0	135	6.7	3	.5185185185185185	5.888888888888889	.2074074074074074	.2	0	.04962962962962963
92	810	0	1	247	113	57.1	3	.8141592920353983	7.168141592920354	0	.008849557522123894	2.185840707964602	.5053097345132743
92	810	0	1	247	113	57.1	3	.8141592920353983	7.168141592920354	0	.008849557522123894	2.185840707964602	.5053097345132743
63	785	45	21	0	137	12.5	3	.45985401459854014	5.7299270072992705	.3284671532846715	.15328467153284672	0	.09124087591240876
63	785	45	21	0	137	12.5	3	.45985401459854014	5.7299270072992705	.3284671532846715	.15328467153284672	0	.09124087591240876
63	750	37	21	0	130	12.4	3	.4846153846153846	5.769230769230769	.2846153846153846	.16153846153846155	0	.09538461538461539
63	750	37	21	0	130	12.4	3	.4846153846153846	5.769230769230769	.2846153846153846	.16153846153846155	0	.09538461538461539
37	455	1	28	119	113	23.8	3	.3274336283185841	4.0265486725663715	.008849557522123894	.24778761061946902	1.0530973451327434	.21061946902654868
31	525	40	30	104	194	15.1	3	.15979381443298968	2.7061855670103094	.20618556701030927	.15463917525773196	.5360824742268041	.07783505154639175
31	545	42	23	56	232	10.3	3	.1336206896551724	2.3491379310344827	.1810344827586207	.09913793103448276	.2413793103448276	.044396551724137936
33	470	44	3	0	93	29.3	3	.3548387096774194	5.053763440860215	.4731182795698925	.03225806451612903	0	.3150537634408602
71	1305	152	21	292	340	21.8	3	.2088235294117647	3.838235294117647	.4470588235294118	.061764705882352944	.8588235294117647	.06411764705882353
72	725	18	15	0	115	5.3	3	.6260869565217392	6.304347826086956	.1565217391304348	.13043478260869565	0	.04608695652173913
39	415	11	8	13	235	31.2	3	.16595744680851063	1.7659574468085106	.04680851063829787	.03404255319148936	.05531914893617021	.1327659574468085
46	470	9	6	159	240	28.8	3	.19166666666666668	1.9583333333333333	.0375	.025	.6625	.12000000000000001
88	785	1	1	0	227	17.5	3	.3876651982378855	3.458149779735683	.004405286343612335	.004405286343612335	0	.07709251101321586
91	810	1	1	0	113	17.9	3	.8053097345132744	7.168141592920354	.008849557522123894	.008849557522123894	0	.1584070796460177
69	610	0	1	0	113	15.9	3	.6106194690265486	5.398230088495575	0	.008849557522123894	0	.1407079646017699
13	1225	0	1	0	227	29.1	3	.05726872246696035	5.39647577092511	0	.004405286343612335	0	.12819383259911896
21	1910	0	0	0	216	29.2	3	.09722222222222222	8.842592592592593	0	0	0	.13518518518518519
71	840	27	39	0	145	9.9	3	.4896551724137931	5.793103448275862	.18620689655172415	.2689655172413793	0	.06827586206896552
71	840	27	39	0	145	9.9	3	.4896551724137931	5.793103448275862	.18620689655172415	.2689655172413793	0	.06827586206896552
73	720	20	8	0	108	5.9	3	.6759259259259259	6.666666666666667	.18518518518518517	.07407407407407407	0	.05462962962962963
93	1485	141	20	0	320	22.7	3	.290625	4.640625	.440625	.0625	0	.0709375
60	900	79	11	0	180	14.8	3	.3333333333333333	5	.4388888888888889	.06111111111111111	0	.08222222222222222
48	600	29	13	285	176	23.2	3	.2727272727272727	3.409090909090909	.16477272727272727	.07386363636363637	1.6193181818181819	.1318181818181818
61	860	97	7	0	170	36.2	3	.3588235294117647	5.0588235294117645	.5705882352941176	.041176470588235294	0	.21294117647058824
48	495	10	7	102	230	30	3	.20869565217391303	2.152173913043478	.043478260869565216	.030434782608695653	.4434782608695652	.13043478260869565
21	1925	0	0	0	218	39.2	3	.0963302752293578	8.830275229357799	0	0	0	.1798165137614679
21	1925	0	0	0	218	32.5	3	.0963302752293578	8.830275229357799	0	0	0	.14908256880733944
21	1925	0	0	0	218	22.5	3	.0963302752293578	8.830275229357799	0	0	0	.10321100917431193
71	760	15	30	0	125	4.5	3	.568	6.08	.12	.24	0	.036
74	770	22	17	0	120	6.7	3	.6166666666666667	6.416666666666667	.18333333333333332	.14166666666666666	0	.05583333333333333
88	820	7	5	326	238	54.8	3	.3697478991596639	3.4453781512605044	.029411764705882353	.02100840336134454	1.3697478991596639	.23025210084033612
74	700	7	5	265	239	46.2	3	.30962343096234307	2.928870292887029	.029288702928870293	.02092050209205021	1.108786610878661	.19330543933054395
2	1510	342	38	0	635	.4	4	.0031496062992125984	2.377952755905512	.5385826771653544	.05984251968503937	0	.0006299212598425198
105	2420	360	21	0	945	27.4	4	.1111111111111111	2.560846560846561	.38095238095238093	.022222222222222223	0	.028994708994708993
102	2285	330	23	0	945	25.5	4	.10793650793650794	2.417989417989418	.3492063492063492	.02433862433862434	0	.026984126984126985
107	2465	363	25	0	945	28.4	4	.11322751322751323	2.6084656084656084	.38412698412698415	.026455026455026454	0	.03005291005291005
41	1385	225	27	279	430	11.8	4	.09534883720930233	3.2209302325581395	.5232558139534884	.06279069767441861	.6488372093023256	.02744186046511628
16	1190	227	42	0	454	3.1	4	.03524229074889868	2.6211453744493394	.5	.09251101321585903	0	.006828193832599119
18	1270	230	43	0	454	3.8	4	.039647577092511016	2.797356828193833	.5066079295154186	.0947136563876652	0	.008370044052863436
39	1575	291	18	6	570	9.6	4	.06842105263157895	2.763157894736842	.5105263157894737	.031578947368421054	.010526315789473684	.016842105263157894
0	1030	279	1	0	339	0	4	0	3.03834808259587	.8230088495575221	.0029498525073746312	0	0
45	1470	232	41	146	1048	28.1	4	.042938931297709926	1.4026717557251909	.22137404580152673	.039122137404580155	.13931297709923665	.02681297709923664
4	1255	256	41	0	454	.6	4	.00881057268722467	2.76431718061674	.5638766519823789	.09030837004405286	0	.0013215859030837004
17	1165	212	45	0	454	3.2	4	.037444933920704845	2.566079295154185	.4669603524229075	.09911894273127753	0	.007048458149779736
20	1145	212	38	0	454	3.7	4	.04405286343612335	2.5220264317180616	.4669603524229075	.08370044052863436	0	.00814977973568282
101	2410	361	24	0	945	24.6	4	.10687830687830688	2.5502645502645502	.382010582010582	.025396825396825397	0	.026031746031746034
16	1160	218	42	0	454	2.6	4	.03524229074889868	2.555066079295154	.4801762114537445	.09251101321585903	0	.005726872246696035
18	1260	239	37	0	454	4.1	4	.039647577092511016	2.7753303964757707	.526431718061674	.08149779735682819	0	.009030837004405285
17	1190	218	38	0	454	3.3	4	.037444933920704845	2.6211453744493394	.4801762114537445	.08370044052863436	0	.007268722466960352
31	2160	469	17	113	1542	19	4	.020103761348897537	1.4007782101167314	.3041504539559014	.011024643320363165	.07328145265888457	.01232166018158236
27	980	166	24	104	306	16.8	4	.08823529411764706	3.2026143790849675	.5424836601307189	.0784313725490196	.33986928104575165	.054901960784313725
19	1160	213	43	0	454	3.9	4	.04185022026431718	2.555066079295154	.46916299559471364	.0947136563876652	0	.008590308370044052
18	1210	222	38	0	454	5.6	4	.039647577092511016	2.6651982378854626	.4889867841409692	.08370044052863436	0	.012334801762114536
20	1110	206	44	0	454	5.8	4	.04405286343612335	2.444933920704846	.45374449339207046	.09691629955947137	0	.01277533039647577
0	115	29	0	0	248	0	5	0	.4637096774193548	.11693548387096774	0	0	0
0	195	51	0	0	255	.1	5	0	.7647058823529411	.2	0	0	.0003921568627450981
0	105	28	0	0	244	0	5	0	.430327868852459	.11475409836065574	0	0	0
1	125	32	0	0	212	.1	5	.0047169811320754715	.589622641509434	.1509433962264151	0	0	.0004716981132075472
0	140	36	1	0	251	0	5	0	.5577689243027888	.14342629482071714	.00398406374501992	0	0
0	120	31	2	0	248	0	5	0	.4838709677419355	.125	.008064516129032258	0	0
0	210	55	3	0	250	0	5	0	.84	.22	.012	0	0
1	310	80	5	0	130	0	5	.007692307692307693	2.3846153846153846	.6153846153846154	.038461538461538464	0	0
0	215	55	1	0	258	0	5	0	.8333333333333334	.2131782945736434	.003875968992248062	0	0
27	340	27	5	0	304	5.3	5	.08881578947368421	1.118421052631579	.08881578947368421	.01644736842105263	0	.017434210526315788
2	700	158	16	0	200	.3	5	.01	3.5	.79	.08	0	.0015
6	170	23	8	3	253	1.5	5	.023715415019762844	.6719367588932806	.09090909090909091	.03162055335968379	.011857707509881422	.005928853754940711
12	385	54	16	10	255	4.3	5	.047058823529411764	1.5098039215686274	.21176470588235294	.06274509803921569	.0392156862745098	.016862745098039214
7	310	48	16	10	255	2.4	5	.027450980392156862	1.2156862745098038	.18823529411764706	.06274509803921569	.0392156862745098	.009411764705882352
5	125	11	9	7	233	2.7	5	.02145922746781116	.5364806866952789	.04721030042918455	.03862660944206009	.030042918454935622	.011587982832618027
3	85	9	5	5	244	1.1	5	.012295081967213115	.3483606557377049	.036885245901639344	.020491803278688523	.020491803278688523	.004508196721311476
0	95	5	1	0	355	0	5	0	.2676056338028169	.014084507042253521	.0028169014084507044	0	0
0	150	13	1	0	360	0	5	0	.4166666666666667	.03611111111111111	.002777777777777778	0	0
1	190	35	13	0	250	.2	5	.004	.76	.14	.052	0	.0008
1	225	41	15	0	171	.1	5	.005847953216374269	1.3157894736842106	.23976608187134502	.08771929824561403	0	.0005847953216374269
1	180	30	13	0	165	.3	5	.006060606060606061	1.0909090909090908	.18181818181818182	.07878787878787878	0	.0018181818181818182
1	225	40	14	0	170	.3	5	.0058823529411764705	1.3235294117647058	.23529411764705882	.08235294117647059	0	.001764705882352941
0	185	50	1	0	230	0	5	0	.8043478260869565	.21739130434782608	.004347826086956522	0	0
0	230	62	1	0	284	0	5	0	.8098591549295775	.21830985915492956	.0035211267605633804	0	0
2	80	14	3	2	261	.9	5	.007662835249042145	.3065134099616858	.05363984674329502	.011494252873563218	.007662835249042145	.0034482758620689655
2	100	12	8	9	245	1.3	5	.00816326530612245	.40816326530612246	.04897959183673469	.0326530612244898	.036734693877551024	.005306122448979592
1	95	22	2	0	267	.1	5	.003745318352059925	.35580524344569286	.08239700374531835	.00749063670411985	0	.0003745318352059925
0	255	126	6	0	140	0	5	0	1.8214285714285714	.9	.04285714285714286	0	0
1	290	69	5	0	273	.2	5	.003663003663003663	1.0622710622710623	.25274725274725274	.018315018315018316	0	.0007326007326007326
0	90	22	2	0	244	.1	5	0	.36885245901639346	.09016393442622951	.00819672131147541	0	.0004098360655737705
3	350	76	5	0	143	.6	5	.02097902097902098	2.4475524475524475	.5314685314685315	.03496503496503497	0	.004195804195804196
0	95	18	7	8	250	.1	5	0	.38	.072	.028	.032	.0004
2	85	14	3	3	260	.5	5	.007692307692307693	.3269230769230769	.05384615384615385	.011538461538461539	.011538461538461539	.0019230769230769232
14	190	13	5	5	238	3.4	5	.058823529411764705	.7983193277310925	.0546218487394958	.02100840336134454	.02100840336134454	.014285714285714285
2	75	9	4	7	241	.7	5	.008298755186721992	.3112033195020747	.03734439834024896	.016597510373443983	.029045643153526972	.0029045643153526968
2	60	7	4	7	241	.5	5	.008298755186721992	.24896265560165975	.029045643153526972	.016597510373443983	.029045643153526972	.002074688796680498
4	270	45	15	0	163	.4	5	.024539877300613498	1.656441717791411	.27607361963190186	.09202453987730061	0	.00245398773006135
3	160	26	8	7	250	1.5	5	.012	.64	.104	.032	.028	.006
5	180	26	8	17	250	3.1	5	.02	.72	.104	.032	.068	.0124
8	210	26	8	31	250	5.3	5	.032	.84	.104	.032	.124	.0212
2	80	12	4	2	244	.4	5	.00819672131147541	.32786885245901637	.04918032786885246	.01639344262295082	.00819672131147541	.001639344262295082
7	165	17	9	22	248	3	5	.028225806451612902	.6653225806451613	.06854838709677419	.036290322580645164	.08870967741935484	.012096774193548387
0	0	0	0	0	355	0	5	0	0	0	0	0	0
9	225	30	9	33	265	5.4	5	.033962264150943396	.8490566037735849	.11320754716981132	.033962264150943396	.12452830188679245	.020377358490566037
1	100	22	3	1	206	.6	5	.0048543689320388345	.4854368932038835	.10679611650485436	.014563106796116505	.0048543689320388345	.002912621359223301
0	0	0	0	0	355	0	5	0	0	0	0	0	0
0	0	0	0	0	355	0	5	0	0	0	0	0	0
0	0	0	0	0	355	0	5	0	0	0	0	0	0
0	160	41	0	0	369	0	5	0	.43360433604336046	.1111111111111111	0	0	0
0	145	31	3	0	242	0	5	0	.5991735537190083	.128099173553719	.012396694214876033	0	0
0	145	31	3	0	242	0	5	0	.5991735537190083	.128099173553719	.012396694214876033	0	0
0	145	31	3	0	242	0	5	0	.5991735537190083	.128099173553719	.012396694214876033	0	0
0	145	31	3	0	242	0	5	0	.5991735537190083	.128099173553719	.012396694214876033	0	0
0	120	26	3	0	240	0	5	0	.5	.10833333333333334	.0125	0	0
1	185	46	4	0	256	.2	5	.00390625	.72265625	.1796875	.015625	0	.00078125
1	185	46	4	0	256	.2	5	.00390625	.72265625	.1796875	.015625	0	.00078125
1	185	46	4	0	256	.2	5	.00390625	.72265625	.1796875	.015625	0	.00078125
1	185	46	4	0	256	.2	5	.00390625	.72265625	.1796875	.015625	0	.00078125
0	135	34	5	0	165	0	5	0	.8181818181818182	.20606060606060606	.030303030303030304	0	0
0	135	34	5	0	165	0	5	0	.8181818181818182	.20606060606060606	.030303030303030304	0	0
1	165	41	5	0	210	.2	5	.004761904761904762	.7857142857142857	.19523809523809524	.023809523809523808	0	.0009523809523809524
1	165	41	5	0	210	.2	5	.004761904761904762	.7857142857142857	.19523809523809524	.023809523809523808	0	.0009523809523809524
1	165	41	5	0	210	.2	5	.004761904761904762	.7857142857142857	.19523809523809524	.023809523809523808	0	.0009523809523809524
1	165	41	5	0	210	.2	5	.004761904761904762	.7857142857142857	.19523809523809524	.023809523809523808	0	.0009523809523809524
7	115	9	3	10	244	2.1	5	.028688524590163935	.4713114754098361	.036885245901639344	.012295081967213115	.040983606557377046	.00860655737704918
11	190	15	7	27	248	4.6	5	.04435483870967742	.7661290322580645	.06048387096774194	.028225806451612902	.10887096774193548	.018548387096774192
9	130	9	2	2	244	2.4	5	.036885245901639344	.5327868852459017	.036885245901639344	.00819672131147541	.00819672131147541	.009836065573770491
14	205	15	6	20	248	5.1	5	.056451612903225805	.8266129032258065	.06048387096774194	.024193548387096774	.08064516129032258	.020564516129032255
0	145	38	0	0	253	0	5	0	.5731225296442688	.15019762845849802	0	0	0
0	420	108	1	0	277	0	5	0	1.516245487364621	.3898916967509025	.0036101083032490976	0	0
0	140	29	4	0	244	.1	5	0	.5737704918032787	.11885245901639344	.01639344262295082	0	.0004098360655737705
0	140	29	4	0	244	.1	5	0	.5737704918032787	.11885245901639344	.01639344262295082	0	.0004098360655737705
0	140	29	4	0	244	.1	5	0	.5737704918032787	.11885245901639344	.01639344262295082	0	.0004098360655737705
0	140	29	4	0	244	.1	5	0	.5737704918032787	.11885245901639344	.01639344262295082	0	.0004098360655737705
1	490	131	4	0	178	.3	5	.0056179775280898875	2.752808988764045	.7359550561797753	.02247191011235955	0	.0016853932584269663
1	200	29	19	9	255	.3	5	.00392156862745098	.7843137254901961	.11372549019607843	.07450980392156863	.03529411764705882	.001176470588235294
2	475	122	6	0	187	.4	5	.0106951871657754	2.5401069518716577	.6524064171122995	.03208556149732621	0	.0021390374331550803
0	185	48	1	0	255	0	5	0	.7254901960784313	.18823529411764706	.00392156862745098	0	0
0	115	29	1	0	248	0	5	0	.4637096774193548	.11693548387096774	.004032258064516129	0	0
0	125	32	0	0	366	0	5	0	.34153005464480873	.08743169398907104	0	0	0
0	155	38	1	0	253	.1	5	0	.6126482213438735	.15019762845849802	.003952569169960474	0	.0003952569169960474
0	180	46	0	0	372	0	5	0	.4838709677419355	.12365591397849462	0	0	0
1	300	72	4	0	207	.1	5	.004830917874396135	1.4492753623188406	.34782608695652173	.01932367149758454	0	.00048309178743961357
0	100	24	1	0	247	0	5	0	.4048582995951417	.09716599190283401	.004048582995951417	0	0
0	115	28	1	0	250	0	5	0	.46	.112	.004	0	0
0	95	22	1	0	247	0	5	0	.38461538461538464	.08906882591093117	.004048582995951417	0	0
0	95	23	1	0	247	0	5	0	.38461538461538464	.0931174089068826	.004048582995951417	0	0
0	150	39	1	0	254	0	5	0	.5905511811023622	.15354330708661418	.003937007874015748	0	0
1	385	96	1	0	216	.2	5	.004629629629629629	1.7824074074074074	.4444444444444444	.004629629629629629	0	.000925925925925926
0	125	32	0	0	250	.1	5	0	.5	.128	0	0	.0004
1	210	38	14	0	180	.1	5	.005555555555555556	1.1666666666666667	.2111111111111111	.07777777777777778	0	.0005555555555555556
5	225	38	8	13	175	2.9	5	.02857142857142857	1.2857142857142858	.21714285714285714	.045714285714285714	.07428571428571429	.01657142857142857
0	155	39	0	0	372	0	5	0	.4166666666666667	.10483870967741936	0	0	0
1	50	16	1	0	244	.1	5	.004098360655737705	.20491803278688525	.06557377049180328	.004098360655737705	0	.0004098360655737705
0	60	21	1	0	244	0	5	0	.2459016393442623	.0860655737704918	.004098360655737705	0	0
1	55	16	1	0	244	.1	5	.004098360655737705	.22540983606557377	.06557377049180328	.004098360655737705	0	.0004098360655737705
0	425	112	0	0	219	0	5	0	1.9406392694063928	.5114155251141552	0	0	0
1	215	38	16	0	200	.1	5	.005	1.075	.19	.08	0	.0005
1	70	11	5	0	539	.1	5	.0018552875695732839	.12987012987012986	.02040816326530612	.00927643784786642	0	.0001855287569573284
1	260	49	16	0	190	.2	5	.005263157894736842	1.368421052631579	.2578947368421053	.08421052631578947	0	.0010526315789473684
1	190	35	12	0	180	.1	5	.005555555555555556	1.0555555555555556	.19444444444444445	.06666666666666667	0	.0005555555555555556
1	170	32	10	0	170	.1	5	.0058823529411764705	1	.18823529411764706	.058823529411764705	0	.0005882352941176471
0	65	22	1	0	246	0	5	0	.26422764227642276	.08943089430894309	.0040650406504065045	0	0
1	50	16	1	0	246	.1	5	.0040650406504065045	.2032520325203252	.06504065040650407	.0040650406504065045	0	.0004065040650406504
0	410	108	0	0	218	0	5	0	1.8807339449541285	.4954128440366973	0	0	0
10	230	26	9	24	240	4.7	5	.041666666666666664	.9583333333333334	.10833333333333334	.0375	.1	.019583333333333335
0	120	26	4	0	240	0	5	0	.5	.10833333333333334	.016666666666666666	0	0
0	120	26	4	0	240	0	5	0	.5	.10833333333333334	.016666666666666666	0	0
9	235	29	9	34	265	5.5	5	.033962264150943396	.8867924528301887	.10943396226415095	.033962264150943396	.12830188679245283	.020754716981132074
10	235	27	11	37	265	6	5	.03773584905660377	.8867924528301887	.1018867924528302	.04150943396226415	.13962264150943396	.022641509433962263
1	135	35	1	0	207	.1	5	.004830917874396135	.6521739130434783	.16908212560386474	.004830917874396135	0	.00048309178743961357
2	105	12	9	10	245	1.5	5	.00816326530612245	.42857142857142855	.04897959183673469	.036734693877551024	.04081632653061224	.006122448979591836
3	100	12	8	10	244	1.6	5	.012295081967213115	.4098360655737705	.04918032786885246	.03278688524590164	.040983606557377046	.006557377049180328
5	125	12	9	18	245	2.9	5	.02040816326530612	.5102040816326531	.04897959183673469	.036734693877551024	.07346938775510205	.01183673469387755
5	120	12	8	18	244	2.9	5	.020491803278688523	.4918032786885246	.04918032786885246	.03278688524590164	.07377049180327869	.011885245901639344
1	90	12	9	5	245	.4	5	.004081632653061225	.3673469387755102	.04897959183673469	.036734693877551024	.02040816326530612	.0016326530612244899
0	85	12	8	4	245	.3	5	0	.3469387755102041	.04897959183673469	.0326530612244898	.0163265306122449	.0012244897959183673
8	150	11	8	33	244	5.1	5	.03278688524590164	.6147540983606558	.045081967213114756	.03278688524590164	.13524590163934427	.020901639344262292
3	80	11	4	2	241	.6	5	.012448132780082987	.33195020746887965	.04564315352697095	.016597510373443983	.008298755186721992	.0024896265560165973
6	120	13	3	0	238	1	5	.025210084033613446	.5042016806722689	.0546218487394958	.012605042016806723	0	.004201680672268907
2	200	37	7	50	160	.5	5	.0125	1.25	.23125	.04375	.3125	.003125
2	160	31	5	0	164	.3	5	.012195121951219513	.975609756097561	.18902439024390244	.03048780487804878	0	.0018292682926829267
2	145	25	6	0	234	.4	5	.008547008547008548	.6196581196581197	.10683760683760683	.02564102564102564	0	.0017094017094017094
2	145	25	6	0	234	.4	5	.008547008547008548	.6196581196581197	.10683760683760683	.02564102564102564	0	.0017094017094017094
0	105	25	1	0	249	0	5	0	.42168674698795183	.10040160642570281	.004016064257028112	0	0
1	110	25	2	0	249	.1	5	.004016064257028112	.44176706827309237	.10040160642570281	.008032128514056224	0	.00040160642570281126
0	110	26	2	0	248	.1	5	0	.4435483870967742	.10483870967741936	.008064516129032258	0	.0004032258064516129
0	340	81	5	0	213	.1	5	0	1.596244131455399	.38028169014084506	.023474178403755867	0	.0004694835680751174
0	110	27	2	0	249	0	5	0	.44176706827309237	.10843373493975904	.008032128514056224	0	0
0	180	46	0	0	372	0	5	0	.4838709677419355	.12365591397849462	0	0	0
0	105	25	1	0	247	0	5	0	.4251012145748988	.10121457489878542	.004048582995951417	0	0
1	225	40	15	0	190	.1	5	.005263157894736842	1.1842105263157894	.21052631578947367	.07894736842105263	0	.0005263157894736842
0	190	51	1	0	256	0	5	0	.7421875	.19921875	.00390625	0	0
0	110	29	2	0	248	0	5	0	.4435483870967742	.11693548387096774	.008064516129032258	0	0
1	380	98	6	0	160	.1	5	.00625	2.375	.6125	.0375	0	.000625
1	200	51	3	0	258	.1	5	.003875968992248062	.7751937984496124	.19767441860465115	.011627906976744186	0	.0003875968992248062
0	235	60	2	0	250	0	5	0	.94	.24	.008	0	0
0	265	68	2	0	284	0	5	0	.9330985915492958	.23943661971830985	.007042253521126761	0	0
0	190	49	1	0	255	0	5	0	.7450980392156863	.19215686274509805	.00392156862745098	0	0
0	125	32	1	0	248	0	5	0	.5040322580645161	.12903225806451613	.004032258064516129	0	0
1	120	30	1	0	200	0	5	.005	.6	.15	.005	0	0
1	115	21	8	0	170	.1	5	.0058823529411764705	.6764705882352942	.12352941176470589	.047058823529411764	0	.0005882352941176471
1	115	21	8	0	170	.1	5	.0058823529411764705	.6764705882352942	.12352941176470589	.047058823529411764	0	.0005882352941176471
1	230	42	16	0	200	.1	5	.005	1.15	.21	.08	0	.0005
3	165	27	9	0	250	1.4	5	.012	.66	.108	.036	0	.0056
0	160	41	0	0	369	0	5	0	.43360433604336046	.1111111111111111	0	0	0
0	140	34	1	0	250	0	5	0	.56	.136	.004	0	0
0	200	52	1	0	255	0	5	0	.7843137254901961	.20392156862745098	.00392156862745098	0	0
0	150	39	1	0	250	0	5	0	.6	.156	.004	0	0
1	265	49	15	0	180	.1	5	.005555555555555556	1.4722222222222223	.2722222222222222	.08333333333333333	0	.0005555555555555556
0	180	48	1	0	154	.1	5	0	1.1688311688311688	.3116883116883117	.006493506493506494	0	.0006493506493506494
1	220	57	2	0	179	.3	5	.00558659217877095	1.229050279329609	.31843575418994413	.0111731843575419	0	.0016759776536312849
0	230	60	1	0	258	0	5	0	.8914728682170543	.23255813953488372	.003875968992248062	0	0
0	145	38	1	0	252	0	5	0	.5753968253968254	.15079365079365079	.003968253968253968	0	0
10	230	31	6	12	245	6.3	5	.04081632653061224	.9387755102040817	.12653061224489795	.024489795918367346	.04897959183673469	.025714285714285714
0	220	51	5	0	202	.1	5	0	1.0891089108910892	.2524752475247525	.024752475247524754	0	.0004950495049504951
9	225	35	4	4	210	2.2	5	.04285714285714286	1.0714285714285714	.16666666666666666	.01904761904761905	.01904761904761905	.010476190476190477
1	160	37	4	4	210	.7	5	.004761904761904762	.7619047619047619	.1761904761904762	.01904761904761905	.01904761904761905	.003333333333333333
11	230	31	5	27	245	6.5	5	.044897959183673466	.9387755102040817	.12653061224489795	.02040816326530612	.11020408163265306	.026530612244897958
9	210	26	7	29	245	5.5	5	.036734693877551024	.8571428571428571	.10612244897959183	.02857142857142857	.11836734693877551	.022448979591836733
0	180	45	2	0	256	0	5	0	.703125	.17578125	.0078125	0	0
0	225	60	2	0	212	0	5	0	1.0613207547169812	.2830188679245283	.009433962264150943	0	0
1	85	20	3	0	245	.4	5	.004081632653061225	.3469387755102041	.08163265306122448	.012244897959183673	0	.0016326530612244899
0	50	12	2	0	245	.1	5	0	.20408163265306123	.04897959183673469	.00816326530612245	0	.00040816326530612246
1	435	115	5	0	145	.2	5	.006896551724137931	3	.7931034482758621	.034482758620689655	0	.0013793103448275863
0	255	65	2	0	250	0	5	0	1.02	.26	.008	0	0
0	295	74	2	0	284	0	5	0	1.0387323943661972	.2605633802816901	.007042253521126761	0	0
1	230	42	15	0	255	.1	5	.00392156862745098	.9019607843137255	.16470588235294117	.058823529411764705	0	.0003921568627450981
3	295	51	18	0	290	.4	5	.010344827586206896	1.0172413793103448	.17586206896551723	.06206896551724138	0	.0013793103448275863
0	280	75	1	0	240	0	5	0	1.1666666666666667	.3125	.004166666666666667	0	0
1	230	50	5	0	195	.3	5	.005128205128205128	1.1794871794871795	.2564102564102564	.02564102564102564	0	.0015384615384615385
0	225	50	4	0	205	.1	5	0	1.0975609756097562	.24390243902439024	.01951219512195122	0	.00048780487804878054
0	180	40	4	0	165	.1	5	0	1.0909090909090908	.24242424242424243	.024242424242424242	0	.0006060606060606061
0	185	41	4	0	175	0	5	0	1.0571428571428572	.2342857142857143	.022857142857142857	0	0
1	685	150	14	0	185	.1	5	.005405405405405406	3.7027027027027026	.8108108108108109	.07567567567567568	0	.0005405405405405405
1	670	149	12	0	185	.2	5	.005405405405405406	3.6216216216216215	.8054054054054054	.06486486486486487	0	.001081081081081081
0	165	42	0	0	370	0	5	0	.44594594594594594	.11351351351351352	0	0	0
0	45	10	2	0	236	.1	5	0	.1906779661016949	.0423728813559322	.00847457627118644	0	.0004237288135593221
8	335	60	9	30	283	4.8	5	.028268551236749116	1.1837455830388692	.21201413427561838	.03180212014134275	.10600706713780919	.01696113074204947
9	315	50	11	33	283	5.3	5	.03180212014134275	1.1130742049469964	.17667844522968199	.038869257950530034	.1166077738515901	.01872791519434629
4	270	59	2	14	193	2.4	5	.02072538860103627	1.3989637305699483	.30569948186528495	.010362694300518135	.07253886010362694	.012435233160621761
2	190	39	6	3	250	.4	5	.008	.76	.156	.024	.012	.0016
9	260	37	9	8	250	3	5	.036	1.04	.148	.036	.032	.012
10	260	29	12	23	250	2.4	5	.04	1.04	.116	.048	.092	.0096
1	50	7	6	0	214	.2	5	.004672897196261682	.2336448598130841	.03271028037383177	.028037383177570093	0	.0009345794392523365
1	50	7	6	0	214	.2	5	.004672897196261682	.2336448598130841	.03271028037383177	.028037383177570093	0	.0009345794392523365
0	245	66	1	0	255	0	5	0	.9607843137254902	.25882352941176473	.00392156862745098	0	0
0	275	74	2	0	284	0	5	0	.9683098591549296	.2605633802816901	.007042253521126761	0	0
0	820	212	0	0	220	0	5	0	3.727272727272727	.9636363636363636	0	0	0
0	770	199	0	0	200	0	5	0	3.85	.995	0	0	0
1	260	59	5	0	255	.1	5	.00392156862745098	1.0196078431372548	.23137254901960785	.0196078431372549	0	.0003921568627450981
0	125	30	1	0	249	0	5	0	.5020080321285141	.12048192771084337	.004016064257028112	0	0
0	155	41	1	0	252	0	5	0	.6150793650793651	.1626984126984127	.003968253968253968	0	0
0	85	22	0	0	262	0	5	0	.3244274809160305	.08396946564885496	0	0	0
0	40	10	2	0	244	0	5	0	.16393442622950818	.040983606557377046	.00819672131147541	0	0
0	40	10	2	0	244	0	5	0	.16393442622950818	.040983606557377046	.00819672131147541	0	0
2	220	49	10	0	262	.3	5	.007633587786259542	.8396946564885496	.18702290076335878	.03816793893129771	0	.0011450381679389313
2	220	49	10	0	262	.3	5	.007633587786259542	.8396946564885496	.18702290076335878	.03816793893129771	0	.0011450381679389313
0	105	25	4	0	250	0	5	0	.42	.1	.016	0	0
0	105	25	4	0	250	0	5	0	.42	.1	.016	0	0
0	75	18	3	0	245	.1	5	0	.30612244897959184	.07346938775510205	.012244897959183673	0	.00040816326530612246
6	160	22	6	17	248	2.9	5	.024193548387096774	.6451612903225806	.08870967741935484	.024193548387096774	.06854838709677419	.011693548387096775
2	85	17	2	0	244	.4	5	.00819672131147541	.3483606557377049	.06967213114754098	.00819672131147541	0	.001639344262295082
1	50	10	2	0	240	.1	5	.004166666666666667	.20833333333333334	.041666666666666664	.008333333333333333	0	.0004166666666666667
1	50	10	2	0	240	.1	5	.004166666666666667	.20833333333333334	.041666666666666664	.008333333333333333	0	.0004166666666666667
2	80	10	6	5	244	.9	5	.00819672131147541	.32786885245901637	.040983606557377046	.02459016393442623	.020491803278688523	.0036885245901639345
0	45	11	2	0	242	0	5	0	.1859504132231405	.045454545454545456	.008264462809917356	0	0
0	105	24	5	0	182	.1	5	0	.5769230769230769	.13186813186813187	.027472527472527472	0	.0005494505494505495
2	70	12	2	0	241	.3	5	.008298755186721992	.29045643153526973	.04979253112033195	.008298755186721992	0	.0012448132780082987
2	155	35	3	0	482	.3	5	.004149377593360996	.3215767634854772	.07261410788381743	.006224066390041493	0	.0006224066390041493
13	240	21	10	34	264	6.4	5	.04924242424242424	.9090909090909091	.07954545454545454	.03787878787878788	.12878787878787878	.024242424242424242
4	145	16	12	14	227	2.3	5	.01762114537444934	.6387665198237885	.07048458149779736	.05286343612334802	.06167400881057269	.010132158590308369
2	230	43	10	10	227	1.6	5	.00881057268722467	1.013215859030837	.1894273127753304	.04405286343612335	.04405286343612335	.007048458149779736
0	125	17	13	4	227	.3	5	0	.5506607929515418	.07488986784140969	.05726872246696035	.01762114537444934	.0013215859030837004
7	140	11	8	29	227	4.8	5	.030837004405286344	.6167400881057269	.048458149779735685	.03524229074889868	.1277533039647577	.021145374449339206
0	65	16	0	0	110	.1	6	0	.5909090909090909	.14545454545454545	0	0	.0009090909090909091
0	80	21	0	0	138	.1	6	0	.5797101449275363	.15217391304347827	0	0	.0007246376811594203
0	40	10	1	0	84	0	6	0	.47619047619047616	.11904761904761904	.011904761904761904	0	0
0	50	12	1	0	106	0	6	0	.4716981132075472	.11320754716981132	.009433962264150943	0	0
0	70	18	0	0	85	0	6	0	.8235294117647058	.21176470588235294	0	0	0
0	55	12	3	0	120	0	6	0	.4583333333333333	.1	.025	0	0
1	50	9	5	0	180	.2	6	.005555555555555556	.2777777777777778	.05	.027777777777777776	0	.0011111111111111111
1	45	8	5	0	180	.1	6	.005555555555555556	.25	.044444444444444446	.027777777777777776	0	.0005555555555555556
1	25	4	2	0	131	.1	6	.007633587786259542	.19083969465648856	.030534351145038167	.015267175572519083	0	.0007633587786259542
1	105	27	1	0	114	.2	6	.008771929824561403	.9210526315789473	.23684210526315788	.008771929824561403	0	.0017543859649122807
1	140	35	2	0	150	.3	6	.006666666666666667	.9333333333333333	.23333333333333334	.013333333333333334	0	.002
0	25	5	3	0	124	0	6	0	.20161290322580644	.04032258064516129	.024193548387096774	0	0
0	30	6	3	0	104	0	6	0	.28846153846153844	.057692307692307696	.028846153846153848	0	0
1	15	0	3	0	240	.3	6	.004166666666666667	.0625	0	.0125	0	.00125
0	40	8	4	0	144	0	6	0	.2777777777777778	.05555555555555555	.027777777777777776	0	0
0	55	12	2	0	170	0	6	0	.3235294117647059	.07058823529411765	.011764705882352941	0	0
0	55	12	2	0	170	0	6	0	.3235294117647059	.07058823529411765	.011764705882352941	0	0
0	55	11	2	0	170	0	6	0	.3235294117647059	.06470588235294118	.011764705882352941	0	0
0	30	7	1	0	100	0	6	0	.3	.07	.01	0	0
1	75	18	1	0	144	.2	6	.006944444444444444	.5208333333333334	.125	.006944444444444444	0	.001388888888888889
1	80	20	1	0	145	0	6	.006896551724137931	.5517241379310345	.13793103448275862	.006896551724137931	0	0
0	50	10	6	0	185	0	6	0	.2702702702702703	.05405405405405406	.032432432432432434	0	0
1	40	8	4	0	151	.1	6	.006622516556291391	.26490066225165565	.052980132450331126	.026490066225165563	0	.0006622516556291391
0	45	9	5	0	155	.1	6	0	.2903225806451613	.05806451612903226	.03225806451612903	0	.0006451612903225806
1	50	10	5	0	180	.1	6	.005555555555555556	.2777777777777778	.05555555555555555	.027777777777777776	0	.0005555555555555556
1	65	13	6	0	155	.1	6	.0064516129032258064	.41935483870967744	.08387096774193549	.03870967741935484	0	.0006451612903225806
1	60	13	4	0	155	.2	6	.0064516129032258064	.3870967741935484	.08387096774193549	.025806451612903226	0	.0012903225806451613
0	20	3	3	0	170	0	6	0	.11764705882352941	.01764705882352941	.01764705882352941	0	0
0	30	7	1	0	150	0	6	0	.2	.04666666666666667	.006666666666666667	0	0
0	35	8	1	0	146	.1	6	0	.23972602739726026	.0547945205479452	.00684931506849315	0	.0006849315068493151
0	35	8	1	0	146	.1	6	0	.23972602739726026	.0547945205479452	.00684931506849315	0	.0006849315068493151
0	55	12	2	0	146	0	6	0	.3767123287671233	.0821917808219178	.0136986301369863	0	0
0	70	16	2	0	156	.1	6	0	.44871794871794873	.10256410256410256	.01282051282051282	0	.000641025641025641
0	45	11	1	0	110	0	6	0	.4090909090909091	.1	.00909090909090909	0	0
0	35	7	3	0	180	.1	6	0	.19444444444444445	.03888888888888889	.016666666666666666	0	.0005555555555555556
0	30	6	2	0	125	0	6	0	.24	.048	.016	0	0
0	25	5	2	0	100	0	6	0	.25	.05	.02	0	0
0	20	4	1	0	120	0	6	0	.16666666666666666	.03333333333333333	.008333333333333333	0	0
1	40	6	2	2	188	.2	6	.005319148936170213	.2127659574468085	.031914893617021274	.010638297872340425	.010638297872340425	.0010638297872340426
1	65	2	11	43	85	.3	6	.011764705882352941	.7647058823529411	.023529411764705882	.12941176470588237	.5058823529411764	.003529411764705882
0	0	0	0	0	180	0	6	0	0	0	0	0	0
0	0	1	0	0	182	0	6	0	0	.005494505494505495	0	0	0
1	60	12	5	0	170	.1	6	.0058823529411764705	.35294117647058826	.07058823529411765	.029411764705882353	0	.0005882352941176471
0	25	5	2	0	190	.1	6	0	.13157894736842105	.02631578947368421	.010526315789473684	0	.0005263157894736842
0	80	18	2	0	137	0	6	0	.583941605839416	.13138686131386862	.014598540145985401	0	0
0	100	21	3	0	142	0	6	0	.704225352112676	.14788732394366197	.02112676056338028	0	0
1	35	7	2	0	105	.1	6	.009523809523809525	.3333333333333333	.06666666666666667	.01904761904761905	0	.0009523809523809524
0	25	6	1	0	96	0	6	0	.2604166666666667	.0625	.010416666666666666	0	0
0	85	22	0	0	190	0	6	0	.4473684210526316	.11578947368421053	0	0	0
0	70	17	2	0	120	0	6	0	.5833333333333334	.14166666666666666	.016666666666666666	0	0
0	100	26	0	0	187	0	6	0	.5347593582887701	.13903743315508021	0	0	0
0	40	10	1	0	120	0	6	0	.3333333333333333	.08333333333333333	.008333333333333333	0	0
0	40	10	1	0	120	0	6	0	.3333333333333333	.08333333333333333	.008333333333333333	0	0
4	95	7	8	26	142	1.2	6	.028169014084507043	.6690140845070423	.04929577464788732	.056338028169014086	.18309859154929578	.008450704225352112
0	45	12	1	0	129	0	6	0	.3488372093023256	.09302325581395349	.007751937984496124	0	0
0	115	26	3	0	150	0	6	0	.7666666666666667	.17333333333333334	.02	0	0
1	40	7	4	0	130	.1	6	.007692307692307693	.3076923076923077	.05384615384615385	.03076923076923077	0	.0007692307692307692
1	40	7	2	0	130	.1	6	.007692307692307693	.3076923076923077	.05384615384615385	.015384615384615385	0	.0007692307692307692
0	50	11	3	0	165	0	6	0	.30303030303030304	.06666666666666667	.01818181818181818	0	0
0	80	21	0	0	185	0	6	0	.43243243243243246	.11351351351351352	0	0	0
0	20	4	2	0	163	0	6	0	.12269938650306748	.024539877300613498	.012269938650306749	0	0
0	20	3	1	0	135	0	6	0	.14814814814814814	.022222222222222223	.007407407407407408	0	0
0	75	20	0	0	185	0	6	0	.40540540540540543	.10810810810810811	0	0	0
1	190	39	7	0	130	.1	6	.007692307692307693	1.4615384615384615	.3	.05384615384615385	0	.0007692307692307692
1	155	32	5	0	140	.1	6	.007142857142857143	1.1071428571428572	.22857142857142856	.03571428571428571	0	.0007142857142857143
0	115	24	4	0	105	.1	6	0	1.0952380952380953	.22857142857142856	.0380952380952381	0	.0009523809523809524
0	35	8	3	0	156	.1	6	0	.22435897435897437	.05128205128205128	.019230769230769232	0	.000641025641025641
1	40	8	3	0	156	.1	6	.00641025641025641	.2564102564102564	.05128205128205128	.019230769230769232	0	.000641025641025641
0	20	3	3	0	140	0	6	0	.14285714285714285	.02142857142857143	.02142857142857143	0	0
1	65	16	1	0	136	.1	6	.007352941176470588	.47794117647058826	.11764705882352941	.007352941176470588	0	.0007352941176470588
2	105	18	4	0	177	.3	6	.011299435028248588	.5932203389830508	.1016949152542373	.022598870056497175	0	.001694915254237288
0	25	6	2	0	85	0	6	0	.29411764705882354	.07058823529411765	.023529411764705882	0	0
0	20	4	1	0	184	.1	6	0	.10869565217391304	.021739130434782608	.005434782608695652	0	.0005434782608695652
0	55	12	2	0	160	.1	6	0	.34375	.075	.0125	0	.000625
0	60	13	2	0	210	.1	6	0	.2857142857142857	.06190476190476191	.009523809523809525	0	.0004761904761904762
0	40	8	1	0	115	.1	6	0	.34782608695652173	.06956521739130435	.008695652173913044	0	.0008695652173913044
0	60	15	1	0	131	0	6	0	.4580152671755725	.11450381679389313	.007633587786259542	0	0
0	85	21	2	0	180	0	6	0	.4722222222222222	.11666666666666667	.011111111111111112	0	0
0	65	17	1	0	140	.1	6	0	.4642857142857143	.12142857142857143	.007142857142857143	0	.0007142857142857143
0	125	30	2	0	156	.1	6	0	.8012820512820513	.19230769230769232	.01282051282051282	0	.000641025641025641
0	35	10	1	0	87	0	6	0	.40229885057471265	.11494252873563218	.011494252873563218	0	0
0	75	19	1	0	170	0	6	0	.4411764705882353	.11176470588235295	.0058823529411764705	0	0
1	100	25	1	0	166	0	6	.006024096385542169	.6024096385542169	.15060240963855423	.006024096385542169	0	0
1	85	21	1	0	141	0	6	.0070921985815602835	.6028368794326241	.14893617021276595	.0070921985815602835	0	0
0	65	11	5	0	160	.1	6	0	.40625	.06875	.03125	0	.000625
0	125	23	8	0	160	.1	6	0	.78125	.14375	.05	0	.000625
0	90	23	0	0	187	0	6	0	.48128342245989303	.12299465240641712	0	0	0
1	75	19	1	0	155	0	6	.0064516129032258064	.4838709677419355	.12258064516129032	.0064516129032258064	0	0
0	120	31	0	0	133	0	6	0	.9022556390977443	.23308270676691728	0	0	0
0	55	14	0	0	95	0	6	0	.5789473684210527	.14736842105263157	0	0	0
0	70	18	0	0	95	0	6	0	.7368421052631579	.18947368421052632	0	0	0
0	145	34	3	0	156	0	6	0	.9294871794871795	.21794871794871795	.019230769230769232	0	0
0	120	27	3	0	136	0	6	0	.8823529411764706	.19852941176470587	.022058823529411766	0	0
0	115	27	2	0	135	0	6	0	.8518518518518519	.2	.014814814814814815	0	0
4	150	25	4	15	130	2.4	6	.03076923076923077	1.1538461538461537	.19230769230769232	.03076923076923077	.11538461538461539	.01846153846153846
4	155	27	4	14	130	2.3	6	.03076923076923077	1.1923076923076923	.2076923076923077	.03076923076923077	.1076923076923077	.01769230769230769
4	155	27	4	15	132	2.3	6	.030303030303030304	1.1742424242424243	.20454545454545456	.030303030303030304	.11363636363636363	.017424242424242422
4	145	25	4	15	130	2.3	6	.03076923076923077	1.1153846153846154	.19230769230769232	.03076923076923077	.11538461538461539	.01769230769230769
4	145	25	4	15	130	2.3	6	.03076923076923077	1.1153846153846154	.19230769230769232	.03076923076923077	.11538461538461539	.01769230769230769
4	150	27	4	15	130	2.2	6	.03076923076923077	1.1538461538461537	.2076923076923077	.03076923076923077	.11538461538461539	.016923076923076926
1	60	14	1	0	123	0	6	.008130081300813009	.4878048780487805	.11382113821138211	.008130081300813009	0	0
0	25	6	2	0	135	0	6	0	.18518518518518517	.044444444444444446	.014814814814814815	0	0
0	25	6	2	0	135	0	6	0	.18518518518518517	.044444444444444446	.014814814814814815	0	0
0	25	6	2	0	135	0	6	0	.18518518518518517	.044444444444444446	.014814814814814815	0	0
0	25	6	2	0	135	0	6	0	.18518518518518517	.044444444444444446	.014814814814814815	0	0
0	35	8	2	0	135	0	6	0	.25925925925925924	.05925925925925926	.014814814814814815	0	0
0	35	8	2	0	135	0	6	0	.25925925925925924	.05925925925925926	.014814814814814815	0	0
0	45	10	2	0	125	.1	6	0	.36	.08	.016	0	.0008
0	45	10	2	0	125	.1	6	0	.36	.08	.016	0	.0008
1	190	39	7	0	130	.1	6	.007692307692307693	1.4615384615384615	.3	.05384615384615385	0	.0007692307692307692
1	155	32	5	0	140	.1	6	.007142857142857143	1.1071428571428572	.22857142857142856	.03571428571428571	0	.0007142857142857143
0	55	10	6	0	190	.1	6	0	.2894736842105263	.05263157894736842	.031578947368421054	0	.0005263157894736842
0	40	7	5	0	180	.1	6	0	.2222222222222222	.03888888888888889	.027777777777777776	0	.0005555555555555556
1	35	8	2	0	180	.1	6	.005555555555555556	.19444444444444445	.044444444444444446	.011111111111111112	0	.0005555555555555556
1	80	18	2	0	205	.3	6	.004878048780487805	.3902439024390244	.08780487804878048	.00975609756097561	0	.0014634146341463415
1	45	10	1	0	149	0	6	.006711409395973154	.30201342281879195	.06711409395973154	.006711409395973154	0	0
0	115	28	2	0	114	0	6	0	1.0087719298245614	.24561403508771928	.017543859649122806	0	0
0	160	37	2	0	151	.1	6	0	1.0596026490066226	.24503311258278146	.013245033112582781	0	.0006622516556291391
3	145	29	1	8	105	1.4	6	.02857142857142857	1.380952380952381	.2761904761904762	.009523809523809525	.0761904761904762	.013333333333333332
0	35	9	1	0	84	0	6	0	.4166666666666667	.10714285714285714	.011904761904761904	0	0
0	0	0	0	0	240	0	6	0	0	0	0	0	0
0	0	1	0	0	241	0	6	0	0	.004149377593360996	0	0	0
5	85	3	9	0	120	.7	6	.041666666666666664	.7083333333333334	.025	.075	0	.005833333333333333
1	40	8	1	0	189	.3	6	.005291005291005291	.21164021164021163	.042328042328042326	.005291005291005291	0	.0015873015873015873
0	25	5	1	0	123	0	6	0	.2032520325203252	.04065040650406504	.008130081300813009	0	0
1	50	8	5	0	164	.2	6	.006097560975609756	.3048780487804878	.04878048780487805	.03048780487804878	0	.0012195121951219512
0	30	6	2	0	144	.1	6	0	.20833333333333334	.041666666666666664	.013888888888888888	0	.0006944444444444445
0	30	8	1	0	156	0	6	0	.19230769230769232	.05128205128205128	.00641025641025641	0	0
0	75	15	4	0	163	.1	6	0	.4601226993865031	.09202453987730061	.024539877300613498	0	.0006134969325153375
0	70	17	1	0	140	0	6	0	.5	.12142857142857143	.007142857142857143	0	0
1	50	11	1	0	160	.1	6	.00625	.3125	.06875	.00625	0	.000625
0	140	8	0	0	103	0	6	0	1.3592233009708738	.07766990291262135	0	0	0
0	75	3	0	0	102	0	6	0	.7352941176470589	.029411764705882353	0	0	0
0	80	3	0	0	102	0	6	0	.7843137254901961	.029411764705882353	0	0	0
18	365	32	19	30	255	7.4	7	.07058823529411765	1.4313725490196079	.12549019607843137	.07450980392156863	.11764705882352941	.029019607843137257
11	220	15	16	71	245	4.4	7	.044897959183673466	.8979591836734694	.061224489795918366	.0653061224489796	.2897959183673469	.017959183673469388
5	150	0	24	164	85	1.2	7	.058823529411764705	1.7647058823529411	0	.2823529411764706	1.9294117647058824	.014117647058823528
7	185	7	23	410	85	2.5	7	.08235294117647059	2.176470588235294	.08235294117647059	.27058823529411763	4.823529411764706	.029411764705882353
30	515	39	21	42	210	7.9	7	.14285714285714285	2.4523809523809526	.18571428571428572	.1	.2	.03761904761904762
5	135	0	22	52	75	1.9	7	.06666666666666667	1.8	0	.29333333333333333	.6933333333333334	.025333333333333333
12	205	0	23	62	85	4.9	7	.1411764705882353	2.411764705882353	0	.27058823529411763	.7294117647058823	.05764705882352942
9	150	0	17	49	61	3.6	7	.14754098360655737	2.459016393442623	0	.2786885245901639	.8032786885245902	.05901639344262295
26	315	0	19	72	85	10.8	7	.3058823529411765	3.7058823529411766	0	.2235294117647059	.8470588235294118	.12705882352941178
6	150	0	22	64	72	2.6	7	.08333333333333333	2.0833333333333335	0	.3055555555555556	.8888888888888888	.036111111111111115
15	240	0	23	77	85	6.4	7	.17647058823529413	2.823529411764706	0	.27058823529411763	.9058823529411765	.07529411764705883
10	185	0	22	80	85	4.2	7	.11764705882352941	2.176470588235294	0	.25882352941176473	.9411764705882353	.049411764705882356
8	175	0	25	75	78	2.7	7	.10256410256410256	2.2435897435897436	0	.32051282051282054	.9615384615384616	.03461538461538462
13	220	0	25	81	85	4.8	7	.15294117647058825	2.588235294117647	0	.29411764705882354	.9529411764705882	.05647058823529411
9	170	0	19	66	62	3.9	7	.14516129032258066	2.7419354838709675	0	.3064516129032258	1.064516129032258	.06290322580645161
26	325	0	22	87	85	10.8	7	.3058823529411765	3.823529411764706	0	.25882352941176473	1.0235294117647058	.12705882352941178
4	145	0	24	46	72	1.8	7	.05555555555555555	2.013888888888889	0	.3333333333333333	.6388888888888888	.025
7	465	59	41	83	120	4.3	7	.058333333333333334	3.875	.49166666666666664	.3416666666666667	.6916666666666667	.035833333333333335
17	305	23	16	53	279	9.3	7	.06093189964157706	1.093189964157706	.08243727598566308	.05734767025089606	.18996415770609318	.03333333333333333
15	300	28	15	44	112	7.3	7	.13392857142857142	2.6785714285714284	.25	.13392857142857142	.39285714285714285	.06517857142857143
18	280	26	5	170	92	9.9	7	.1956521739130435	3.0434782608695654	.2826086956521739	.05434782608695652	1.8478260869565217	.10760869565217392
34	470	12	27	221	245	12.9	7	.13877551020408163	1.9183673469387754	.04897959183673469	.11020408163265306	.9020408163265307	.052653061224489796
18	365	26	22	103	240	5.1	7	.075	1.5208333333333333	.10833333333333334	.09166666666666666	.42916666666666664	.021249999999999998
10	255	10	31	75	250	4.1	7	.04	1.02	.04	.124	.3	.016399999999999998
11	235	0	31	88	142	3.1	7	.07746478873239436	1.6549295774647887	0	.21830985915492956	.6197183098591549	.02183098591549296
18	365	13	35	119	140	4.9	7	.12857142857142856	2.607142857142857	.09285714285714286	.25	.85	.035
11	195	6	16	62	72	3	7	.1527777777777778	2.7083333333333335	.08333333333333333	.2222222222222222	.8611111111111112	.041666666666666664
9	220	2	31	87	98	2.4	7	.09183673469387756	2.2448979591836733	.02040816326530612	.3163265306122449	.8877551020408163	.024489795918367346
7	120	1	13	44	49	1.8	7	.14285714285714285	2.4489795918367347	.02040816326530612	.2653061224489796	.8979591836734694	.036734693877551024
3	140	0	27	73	86	.9	7	.03488372093023256	1.627906976744186	0	.313953488372093	.8488372093023255	.010465116279069767
2	75	0	12	41	44	.7	7	.045454545454545456	1.7045454545454546	0	.2727272727272727	.9318181818181818	.015909090909090907
9	250	0	38	116	140	2.6	7	.06428571428571428	1.7857142857142858	0	.2714285714285714	.8285714285714286	.018571428571428572
16	340	31	19	28	255	5.8	7	.06274509803921569	1.3333333333333333	.12156862745098039	.07450980392156863	.10980392156862745	.022745098039215685
17	300	13	26	68	250	4.3	7	.068	1.2	.052	.104	.272	.0172
2	85	2	13	54	85	.5	7	.023529411764705882	1	.023529411764705882	.15294117647058825	.6352941176470588	.0058823529411764705
10	235	6	28	34	225	6.4	7	.044444444444444446	1.0444444444444445	.02666666666666667	.12444444444444444	.1511111111111111	.028444444444444446
9	215	6	26	31	210	6	7	.04285714285714286	1.0238095238095237	.02857142857142857	.12380952380952381	.14761904761904762	.02857142857142857
8	280	30	22	25	226	4.9	7	.035398230088495575	1.238938053097345	.13274336283185842	.09734513274336283	.11061946902654868	.021681415929203543
4	205	8	31	19	226	2.8	7	.017699115044247787	.9070796460176991	.035398230088495575	.13716814159292035	.084070796460177	.012389380530973451
1	125	3	25	10	145	.4	7	.006896551724137931	.8620689655172413	.020689655172413793	.1724137931034483	.06896551724137931	.0027586206896551726
3	135	1	23	135	135	.5	7	.022222222222222223	1	.007407407407407408	.17037037037037037	1	.003703703703703704
17	330	36	9	169	152	5.6	7	.1118421052631579	2.1710526315789473	.23684210526315788	.05921052631578947	1.111842105263158	.03684210526315789
15	305	29	14	278	265	6.8	7	.05660377358490566	1.150943396226415	.10943396226415095	.052830188679245285	1.049056603773585	.025660377358490565
25	445	0	52	197	221	9.2	7	.11312217194570136	2.013574660633484	0	.23529411764705882	.8914027149321267	.0416289592760181
19	340	34	10	149	254	11.3	7	.07480314960629922	1.3385826771653544	.13385826771653545	.03937007874015748	.5866141732283464	.044488188976377956
7	90	1	6	211	46	1.9	7	.15217391304347827	1.9565217391304348	.021739130434782608	.13043478260869565	4.586956521739131	.041304347826086954
5	75	1	6	213	50	1.6	7	.1	1.5	.02	.12	4.26	.032
5	75	1	6	212	50	1.5	7	.1	1.5	.02	.12	4.24	.03
7	100	1	7	215	61	2.2	7	.11475409836065574	1.639344262295082	.01639344262295082	.11475409836065574	3.5245901639344264	.036065573770491806
5	75	1	6	213	50	1.6	7	.1	1.5	.02	.12	4.26	.032
5	60	0	3	213	17	1.6	7	.29411764705882354	3.5294117647058822	0	.17647058823529413	12.529411764705882	.09411764705882353
16	235	24	20	19	230	7.7	7	.06956521739130435	1.0217391304347827	.10434782608695652	.08695652173913043	.08260869565217391	.03347826086956522
18	360	31	18	213	138	8	7	.13043478260869565	2.608695652173913	.2246376811594203	.13043478260869565	1.5434782608695652	.057971014492753624
19	340	25	17	74	252	11.6	7	.07539682539682539	1.3492063492063493	.0992063492063492	.06746031746031746	.29365079365079366	.04603174603174603
27	470	41	18	91	170	6.3	7	.1588235294117647	2.764705882352941	.2411764705882353	.10588235294117647	.5352941176470588	.03705882352941176
23	420	39	16	56	140	6.3	7	.16428571428571428	3	.2785714285714286	.11428571428571428	.4	.045
6	120	0	16	68	85	3.2	7	.07058823529411765	1.411764705882353	0	.18823529411764706	.8	.037647058823529415
6	120	0	16	55	85	1.2	7	.07058823529411765	1.411764705882353	0	.18823529411764706	.6470588235294118	.014117647058823528
1	80	0	17	59	85	.3	7	.011764705882352941	.9411764705882353	0	.2	.6941176470588235	.003529411764705882
16	230	0	21	74	85	6.2	7	.18823529411764706	2.7058823529411766	0	.24705882352941178	.8705882352941177	.07294117647058823
18	245	0	20	76	85	6.9	7	.21176470588235294	2.8823529411764706	0	.23529411764705882	.8941176470588236	.0811764705882353
9	175	7	17	75	85	2.4	7	.10588235294117647	2.0588235294117645	.08235294117647059	.2	.8823529411764706	.028235294117647056
6	140	0	20	62	85	3.3	7	.07058823529411765	1.6470588235294117	0	.23529411764705882	.7294117647058823	.0388235294117647
21	445	38	25	71	174	7.1	7	.1206896551724138	2.557471264367816	.21839080459770116	.14367816091954022	.40804597701149425	.04080459770114942
13	190	0	17	85	85	4.3	7	.15294117647058825	2.235294117647059	0	.2	1	.05058823529411764
23	375	38	7	153	173	13.5	7	.1329479768786127	2.167630057803468	.21965317919075145	.04046242774566474	.884393063583815	.07803468208092486
7	130	0	15	50	57	3.2	7	.12280701754385964	2.280701754385965	0	.2631578947368421	.8771929824561403	.056140350877192984
26	315	0	18	77	85	12.1	7	.3058823529411765	3.7058823529411766	0	.21176470588235294	.9058823529411765	.14235294117647057
7	135	0	17	59	48	2.9	7	.14583333333333334	2.8125	0	.3541666666666667	1.2291666666666667	.06041666666666667
15	220	0	20	77	63	6.9	7	.23809523809523808	3.492063492063492	0	.31746031746031744	1.2222222222222223	.10952380952380952
6	140	0	19	60	64	2.6	7	.09375	2.1875	0	.296875	.9375	.040625
16	235	0	22	78	80	7.3	7	.2	2.9375	0	.275	.975	.09125
6	140	0	20	65	73	2.4	7	.0821917808219178	1.917808219178082	0	.273972602739726	.8904109589041096	.03287671232876712
13	205	0	22	78	85	5.6	7	.15294117647058825	2.411764705882353	0	.25882352941176473	.9176470588235294	.06588235294117646
22	430	40	17	44	200	9.8	7	.11	2.15	.2	.085	.22	.049
13	470	65	29	0	276	1.8	7	.04710144927536232	1.7028985507246377	.23550724637681159	.10507246376811594	0	.006521739130434783
0	245	35	24	12	68	.3	7	0	3.6029411764705883	.5147058823529411	.35294117647058826	.17647058823529413	.004411764705882353
1	325	47	32	17	91	.4	7	.01098901098901099	3.5714285714285716	.5164835164835165	.3516483516483517	.18681318681318682	.004395604395604396
11	185	7	16	66	85	2.6	7	.12941176470588237	2.176470588235294	.08235294117647059	.18823529411764706	.7764705882352941	.03058823529411765
4	160	8	20	120	240	1.4	7	.016666666666666666	.6666666666666666	.03333333333333333	.08333333333333333	.5	.005833333333333333
30	455	4	42	79	100	19.1	7	.3	4.55	.04	.42	.79	.191
9	290	39	15	56	120	4.1	7	.075	2.4166666666666665	.325	.125	.4666666666666667	.034166666666666665
8	165	0	23	71	72	2.6	7	.1111111111111111	2.2916666666666665	0	.3194444444444444	.9861111111111112	.036111111111111115
19	275	0	24	84	87	7	7	.21839080459770116	3.160919540229885	0	.27586206896551724	.9655172413793104	.08045977011494253
11	180	0	19	72	67	3.7	7	.16417910447761194	2.6865671641791047	0	.2835820895522388	1.0746268656716418	.05522388059701493
27	335	0	21	92	89	9.8	7	.30337078651685395	3.764044943820225	0	.23595505617977527	1.0337078651685394	.11011235955056181
8	160	0	20	68	72	2.7	7	.1111111111111111	2.2222222222222223	0	.2777777777777778	.9444444444444444	.037500000000000006
18	250	0	21	79	85	6.4	7	.21176470588235294	2.9411764705882355	0	.24705882352941178	.9294117647058824	.07529411764705883
10	175	0	20	56	71	3.4	7	.14084507042253522	2.464788732394366	0	.28169014084507044	.7887323943661971	.04788732394366197
20	270	0	21	69	85	7.2	7	.23529411764705882	3.176470588235294	0	.24705882352941178	.8117647058823529	.08470588235294117
8	165	0	22	76	67	2.8	7	.11940298507462686	2.462686567164179	0	.3283582089552239	1.1343283582089552	.0417910447761194
22	295	0	23	93	85	7.9	7	.25882352941176473	3.4705882352941178	0	.27058823529411763	1.0941176470588236	.09294117647058824
7	140	0	18	35	85	2.4	7	.08235294117647059	1.6470588235294117	0	.21176470588235294	.4117647058823529	.028235294117647056
4	105	0	17	37	68	1.3	7	.058823529411764705	1.5441176470588236	0	.25	.5441176470588235	.01911764705882353
14	205	0	18	53	85	5.1	7	.16470588235294117	2.411764705882353	0	.21176470588235294	.6235294117647059	.06
21	360	28	7	170	250	3.6	7	.084	1.44	.112	.028	.68	.0144
19	325	28	12	56	245	11.6	7	.07755102040816327	1.3265306122448979	.11428571428571428	.04897959183673469	.22857142857142856	.0473469387755102
19	340	13	28	76	246	12.1	7	.07723577235772358	1.3821138211382114	.052845528455284556	.11382113821138211	.3089430894308943	.0491869918699187
32	430	7	28	124	246	20.4	7	.13008130081300814	1.7479674796747968	.028455284552845527	.11382113821138211	.5040650406504065	.08292682926829267
13	345	34	22	55	150	3.5	7	.08666666666666667	2.3	.22666666666666666	.14666666666666667	.36666666666666664	.023333333333333334
5	140	0	21	60	85	1.2	7	.058823529411764705	1.6470588235294117	0	.24705882352941178	.7058823529411765	.014117647058823528
5	120	0	17	34	85	.9	7	.058823529411764705	1.411764705882353	0	.2	.4	.010588235294117647
8	150	0	18	51	85	2.6	7	.09411764705882353	1.7647058823529411	0	.21176470588235294	.6	.03058823529411765
9	175	0	20	85	85	2.1	7	.10588235294117647	2.0588235294117645	0	.23529411764705882	1	.024705882352941178
10	195	10	15	70	90	2.5	7	.1111111111111111	2.1666666666666665	.1111111111111111	.16666666666666666	.7777777777777778	.027777777777777776
2	80	7	16	0	28.35	.8	7	.07054673721340388	2.821869488536155	.24691358024691357	.564373897707231	0	.02821869488536155
1	100	1	21	128	85	.2	7	.011764705882352941	1.1764705882352942	.011764705882352941	.24705882352941178	1.5058823529411764	.0023529411764705885
10	200	11	16	168	85	2.5	7	.11764705882352941	2.3529411764705883	.12941176470588237	.18823529411764706	1.9764705882352942	.029411764705882353
10	235	19	20	0	180	1.3	7	.05555555555555555	1.3055555555555556	.10555555555555556	.1111111111111111	0	.007222222222222223
12	330	39	19	89	248	3.9	7	.04838709677419355	1.3306451612903225	.15725806451612903	.07661290322580645	.3588709677419355	.015725806451612902
18	220	3	11	184	136	7.1	7	.1323529411764706	1.6176470588235294	.022058823529411766	.08088235294117647	1.3529411764705883	.05220588235294117
9	175	0	21	71	85	4.1	7	.10588235294117647	2.0588235294117645	0	.24705882352941178	.8352941176470589	.04823529411764706
19	375	19	33	80	205	3.3	7	.09268292682926829	1.829268292682927	.09268292682926829	.16097560975609757	.3902439024390244	.016097560975609757
7	165	0	24	55	85	1.4	7	.08235294117647059	1.9411764705882353	0	.2823529411764706	.6470588235294118	.016470588235294115
1	135	0	30	48	85	.3	7	.011764705882352941	1.588235294117647	0	.35294117647058826	.5647058823529412	.003529411764705882
5	130	3	18	45	85	1.6	7	.058823529411764705	1.5294117647058822	.03529411764705882	.21176470588235294	.5294117647058824	.018823529411764708
6	160	0	24	72	85	2.1	7	.07058823529411765	1.8823529411764706	0	.2823529411764706	.8470588235294118	.024705882352941178
3	135	0	25	59	85	.9	7	.03529411764705882	1.588235294117647	0	.29411764705882354	.6941176470588235	.010588235294117647
7	240	0	41	106	140	2.3	7	.05	1.7142857142857142	0	.29285714285714287	.7571428571428571	.016428571428571428
4	145	0	25	65	85	1.4	7	.047058823529411764	1.7058823529411764	0	.29411764705882354	.7647058823529411	.016470588235294115
9	185	0	23	86	85	4.1	7	.10588235294117647	2.176470588235294	0	.27058823529411763	1.011764705882353	.04823529411764706
14	230	0	23	109	85	6	7	.16470588235294117	2.7058823529411766	0	.27058823529411763	1.2823529411764707	.07058823529411765
328	6175	775	63	1183	1536	66	8	.21354166666666666	4.020182291666667	.5045572916666666	.041015625	.7701822916666666	.04296875
139	2710	351	20	46	910	90.1	8	.15274725274725276	2.978021978021978	.38571428571428573	.02197802197802198	.05054945054945055	.09901098901098901
136	3755	645	49	598	1107	55.6	8	.12285456187895212	3.3920505871725384	.5826558265582655	.044263775971093045	.5401987353206865	.05022583559168925
228	5185	783	74	640	1361	47.6	8	.16752387950036737	3.809698750918442	.5753122703894196	.05437178545187362	.47024246877296105	.03497428361498898
190	2805	256	33	703	1188	118.3	8	.15993265993265993	2.361111111111111	.21548821548821548	.027777777777777776	.5917508417508418	.09957912457912457
129	4020	694	37	636	1096	41.6	8	.1177007299270073	3.667883211678832	.6332116788321168	.03375912408759124	.5802919708029197	.03795620437956204
148	4170	670	43	46	1140	33.1	8	.12982456140350876	3.6578947368421053	.5877192982456141	.037719298245614034	.04035087719298246	.029035087719298247
125	3735	638	45	576	1108	47.8	8	.11281588447653429	3.3709386281588447	.575812274368231	.04061371841155235	.51985559566787	.04314079422382671
175	3895	620	40	609	1108	92	8	.157942238267148	3.515342960288809	.5595667870036101	.036101083032490974	.5496389891696751	.08303249097472924
213	3350	317	60	2053	1110	119.9	9	.1918918918918919	3.018018018018018	.2855855855855856	.05405405405405406	1.8495495495495495	.10801801801801802
101	1985	213	56	1010	910	33.7	9	.11098901098901098	2.181318681318681	.23406593406593407	.06153846153846154	1.10989010989011	.03703296703296704
115	2155	254	38	476	1064	71.3	9	.1080827067669173	2.0253759398496243	.2387218045112782	.03571428571428571	.4473684210526316	.06701127819548872
86	2140	317	31	857	840	26	9	.10238095238095238	2.5476190476190474	.3773809523809524	.036904761904761905	1.0202380952380952	.030952380952380953
18	3450	423	42	569	825	28.1	9	.02181818181818182	4.181818181818182	.5127272727272727	.05090909090909091	.6896969696969697	.03406060606060606
94	1935	257	26	1100	500	52	9	.188	3.87	.514	.052	2.2	.104
94	2025	265	33	555	514	21.1	9	.1828793774319066	3.9396887159533076	.5155642023346303	.06420233463035019	1.0797665369649805	.04105058365758755
10	1920	223	36	655	910	38.2	9	.01098901098901099	2.10989010989011	.24505494505494504	.03956043956043956	.7197802197802198	.04197802197802198
108	2830	434	35	552	777	29.5	9	.138996138996139	3.642213642213642	.5585585585585585	.04504504504504504	.7104247104247104	.03796653796653797
218	1925	0	0	0	218	27.7	10	1	8.830275229357799	0	0	0	.12706422018348623
205	1810	0	0	0	205	51.3	10	1	8.829268292682928	0	0	0	.2502439024390244
205	1850	0	0	195	205	80.4	10	1	9.024390243902438	0	0	.9512195121951219	.3921951219512195
183	1625	1	2	0	227	31.3	10	.8061674008810573	7.158590308370044	.004405286343612335	.00881057268722467	0	.1378854625550661
216	1910	0	0	0	216	36.5	10	1	8.842592592592593	0	0	0	.16898148148148148
218	1925	0	0	0	218	19.8	10	1	8.830275229357799	0	0	0	.0908256880733945
