-1.52051397221267 -0.583776987859875
-1.19862513532246 1.7047828070273
-1.37412989305395 -0.555388969860361
-1.96447845780700 -1.61726520850840
2.17590541885111 1.59637833569667
-0.414905508260937 -1.61480365235675
0.354128307013655 2.24275253365896
-0.350413095235558 0.185967136642578
-0.376327984447751 -0.0103827741306853
-0.63350716304848 0.760728650833597
1.24928678515491 0.77038810943124
-1.31498263737495 -1.14916142206235
-1.08063988993211 0.345655056807325
-0.482592602772833 -0.870196109927963
-0.200171728293535 -0.683759500072035
-0.951074438912075 -1.02906201207423
-0.121948141307810 -1.60439926257161
-0.725593197412209 -1.46043095292963
0.206653178434054 1.14220209515126
1.14925189436828 1.16953292676513
-1.2289618585723 -0.325679614021926
-1.84569956082423 -1.81861776448098
-1.87344485832089 -0.499112375000848
2.30929618365614 1.67335587406200
-0.339733991971499 0.273768061907231
0.00858832268676343 -0.552317272969768
1.83805795410506 0.0325046672140868
1.20515753599612 1.21100625187433
-0.0976145403953441 -1.22871093716273
-1.30698611098721 -0.053930583025994
-0.957865666753075 0.809261754525421
0.0988413218105438 -1.11379014868783
0.535511850446289 0.668587801021392
0.73775992850042 0.0753014009633426
-1.08703660552221 -0.547015438058614
1.06347577428382 0.110611877859587
-1.85144350400577 -0.0756894358576051
-0.41997993237184 -0.490652996907135
-2.03331464329576 -1.07950693725454
-0.0697426030157927 -0.570996227375796
-0.356688753861411 0.58224891174032
-0.375894172981706 -1.13413232997567
0.581225852290428 -0.451770175553246
0.149008843477304 -0.449428168486965
-1.45675376338356 -0.99215035202877
0.622668893303754 1.40778583229730
0.920350222049135 0.122243224523511
0.754886082182218 1.06041457979514
0.66753596652372 -0.255948611599611
1.14132383269629 0.720442931051054
-0.219954125007118 -0.178833380077726
-0.388217457081508 0.040780631210561
0.92608262204346 1.72983732585179
-0.985713010418499 -0.0577991725975877
1.20471157847466 -0.47396486634123
-1.43636793017452 -0.907355413546547
0.277742853117827 0.748393752238491
-0.148394190058617 -0.641881073198324
-1.19732522381791 0.77547522194368
-0.299908935035166 -1.53862911192495
1.55245372092695 1.04534805215732
0.884000802951834 2.38838289434859
-0.0211861502341969 -0.225759103480162
-0.638835272960003 -0.95271462891086
0.418695403589032 -0.283372592276995
-1.02106555202464 -0.858554066255942
-0.7941168698018 -1.38592901704102
-0.178993690354904 -0.349124859191566
0.531951275050004 -0.585373225092374
-1.05201592032289 -0.430600332116198
0.87225533890751 0.7129915506839
-1.07308672710901 -1.16195894435262
-0.188151557248445 0.641354777164101
2.03616670770734 0.911674769409039
0.0217516778945970 0.44523744899876
0.366120088018608 -0.83290576177204
0.289661871273288 -1.33661931163742
-0.440894539069521 -1.67125821650940
0.873231584742476 -0.169548504270238
-1.11329381892775 -0.500270954677039
1.75458575925708 -0.965035299700315
-0.536039927713541 -1.20429838222857
-0.101554463529789 0.513963775464559
-0.322632009293075 -1.16939720166046
1.34447407482232 1.09227109592761
0.259244779645702 1.06068910624248
-0.586156192431921 -0.511499748375977
0.323924565110129 -0.37803405386857
0.90486444848438 0.176518399304016
-0.695705202891677 -0.48747023272319
-1.23618393797383 -0.61902854378464
-0.58541844601911 0.880751877373927
-0.481351726213316 -0.216480233928852
1.25464073369528 0.327718694454968
1.71382962712947 1.54068370987645
-0.0684558872262053 0.0096348985974469
-1.59982712696218 0.176204622987157
-1.74453508191496 -1.71468699619543
-2.21956988095155 -1.23336386617501
-0.860450530171586 -1.12667932409826
1.13535019261243 1.41885779953924
0.154540287484054 -0.140156119430354
0.146370556895781 1.41755005567360
-1.03455146713092 0.527384536739201
-2.10134219223371 -1.45545143004489
-1.16099057241962 -0.887836532020653
-0.640714359399534 -0.783227877281017
-0.0210272137384677 -0.96416827161247
0.34555104195087 -0.769456444354493
0.846523789778648 -0.626619971359078
0.0861606553614938 -0.290405300397986
0.104448802463225 0.00722055167552754
0.725033811360583 0.80138447586847
-1.45623718622461 -0.636216293153315
0.122039244350606 -0.56487533948909
0.292639788562862 1.25385040303616
-0.341508407610287 0.0899052224707532
-2.01348466094830 -2.97093214349704
-0.62699137491589 0.237325418730182
0.718598728679383 0.541902673739808
0.341862627330076 -0.457562859915133
-1.33767948701285 0.156141367856715
0.208389481844924 1.21375328038973
0.448364358561557 -0.0543953908335263
-0.00304197565029879 -1.42727259002832
0.0235866907155193 -0.516966128589324
-1.42991597871734 -1.85228561282057
0.298001861359956 -1.50294817640845
0.897086166392948 1.31127754831592
0.087545843118879 0.698243014881202
-1.16228740858602 -1.98891814681411
-0.684653976137344 -0.514698737087026
-1.77563163744170 -0.475074957249893
0.80532657268169 -0.158893812990560
0.63645221978251 -1.52713008065386
-1.01526262037033 -0.880897980710087
0.478521150750049 1.98764669810261
-0.288937368932589 0.414323860938606
1.27309695535099 0.644625179154697
2.24713680144691 2.85513497436452
-0.259925122817033 -1.03654565411374
-0.0624299960946865 0.868415888843954
1.81529789014804 0.914619336175508
-0.0946350816104307 0.152287635137478
-0.598699164880096 -0.785435031172315
-0.581837213885317 -0.514504411588786
-0.391023491109303 -1.19889503982325
-1.24447797458815 -0.261991367219467
1.54788644137831 -0.870322435231819
-0.597227577588414 -0.618325818086942
-0.421890367527664 1.28444549961860
-0.484296284044315 -1.32591477439531
-2.60515235492759 -1.15630829514663
1.48004845358238 1.20536382088596
-0.631041242054213 -0.803230347457479
0.772628383240532 0.0982349514556468
-0.277830863847424 -0.445055694365912
-1.09453560552696 -2.04818730792474
-0.0436479089268079 0.444698753206447
-0.51518911118606 0.634429927868045
-1.88650423809081 -0.0373721179717309
-0.733199838466635 1.2213439846519
-0.542561733472267 -0.505868970021129
-1.16218168361896 -2.12330628436442
-0.524376861179662 0.350097080544628
0.408872325100655 0.646817080417863
0.739269556944747 0.871615647981472
1.95721803476340 1.27478153603552
-0.490489433874279 -1.10983821285516
-0.600313013922912 -1.27281673771459
-0.758817690778568 -0.776123514664162
1.39275598194640 1.80373908241710
0.443819117287868 0.308894643897720
0.0324059577778010 0.920102825139788
-0.230318439223776 1.25737029848862
1.61814831203769 0.440166899679965
1.19533518712662 1.26893164739647
1.87592810437361 0.575173357005517
-0.101497685503268 -0.440288973046681
1.88312412745375 2.72240643863818
-0.346536464809975 -0.51670417713601
-2.03360855057060 -0.255640972528254
0.360759729056429 0.296026219585252
0.910178329864022 0.393699191709018
2.11139328998543 1.20700982790250
0.496243235688842 -0.749594934121397
0.562112790624469 -0.30407163544074
-1.07947466014978 -1.27136603646984
1.9839474623674 1.65670719578022
0.178048886481407 -0.636714970209676
0.83750875693368 -0.845985521205745
0.558267054353717 1.26154286198897
0.0323710364154405 1.43926590440299
0.514685388640975 1.34883328605891
-1.05153248258521 -1.02873366643710
-1.77689552438502 -0.114676064437831
1.29035658846547 0.995717176986838
2.16170565891230 0.718299935015287
1.00204269638552 -0.295359988771815
-0.441728531997788 -0.599121208597131
-1.51688607999809 -1.40487494038033
0.900666943463243 1.18656920405610
-0.472126478094202 -1.49146844152144
-0.605564684351812 -0.704304806472979
0.50820350724156 -0.947417517740212
-0.464545891629898 -0.87580267594713
-1.30594459349720 0.0162685799768351
-1.67051383822703 -2.20948009281370
-1.81035294695499 -1.67622234869780
0.00929056001428094 0.347376072691491
0.86407946370319 1.09630800609390
0.540415232665368 -0.484516271295733
0.850897540449754 -0.588353107419663
-0.895661989205432 -1.66010669415325
0.414912165403405 -0.282298236442174
1.72777771469447 1.10029069676918
0.958200922037693 2.06953399184762
-0.391680484109184 0.271313914268654
-2.25699352322612 -1.02248429666683
0.212281986194418 0.765253862106991
1.56426312889567 0.818377235871655
-1.27385730925188 -2.61453854791778
-0.755336437374475 -0.611007290331535
0.590242619644694 2.17453410881236
1.42305881625221 1.18767442988921
0.608047246270797 0.0235976657574622
0.17688084604064 0.256320966679054
-0.601981175442144 0.408749667883174
-0.0985109578262166 0.496586759179522
1.74774829170797 0.115919464088950
1.80881964267891 0.318912154901415
1.16440092485721 1.23853650674394
1.00259096309311 -0.98450422930869
1.60133453133283 1.53134310331908
0.0627576256665485 -0.251381204857034
-2.73247694329892 -0.942377464508568
-0.821171045761957 -0.884781897221865
1.05712299738213 1.70901406670254
1.19054510653728 0.181941117808836
-0.0667554801298515 0.521793287465627
0.59493753323479 -0.042115869009113
0.273191354482546 1.34720593981117
-0.388599182675041 -0.703698202625453
1.9994837647038 1.29090494946461
-1.11057227576561 -0.915989219412436
-1.15405459853191 -1.58917612216988
1.15483951521315 1.70779886274598
0.0152619007265116 -0.800343715881318
0.414401629052660 0.0801656958017418
0.293526036473975 -0.74470640553355
-0.658643346349029 0.71994769478099
0.673998863408825 1.13486777156871
0.695370196714514 0.39331041275976
-2.23416659899253 -0.995792870259387
-0.575510746176536 -1.42406815756307
-0.980109691528772 -1.34973725109080
0.20008882384048 -0.535395130718174
-1.82764075568937 -2.20952644427197
-0.583743516411838 0.137764548999402
0.326778417177628 0.408115202043179
-1.59333883491915 -0.393319971423526
0.80964697723667 0.958247119407788
-0.0818019807368053 -0.992250221211592
1.95501281154390 0.727221669603895
1.06936332773390 1.2503946674481
0.558336101108242 0.153743312018007
-2.96402224376204 -1.17918085281412
-0.667562889411384 -0.444032294573692
-0.770826623065773 0.662342619800807
1.16573941532165 -0.0175507099677188
-0.148943678521095 -0.0609751908210561
-0.101848445751830 0.887441268831675
0.658267665386927 -0.366444716955712
-0.274336327722856 0.277182807847896
0.190819344228746 0.37923992278838
-0.93959515130468 -0.317334938354003
0.772806153047291 -0.43656031183829
-1.01660146332382 -0.531001751746904
1.6306857860309 0.427812389732535
-0.405597215978937 0.324566211902445
0.503172250234711 1.89512383509331
-0.118778122151696 0.573713534479292
1.26786430673600 1.99459328232663
-0.95041935378356 0.828451767974453
-0.519184771319651 0.723628574142705
-1.12617882648245 0.774621602314465
-0.809529610851662 0.620503113014474
-0.119213923837391 1.30527532917110
-0.752288743270538 1.24968312108282
-0.0214054679439150 -0.289858587918889
0.796680918791324 1.33399303395232
2.18874446668625 1.38102097432532
-0.394891766488376 0.331267276498302
-1.47345344653158 0.184680660971137
1.36056249467532 0.885556613422411
1.64863325269862 0.137300180022733
0.980981998763826 0.123489420982524
-1.4718592405732 -1.10380325594685
1.37615886648967 0.88429749431661
-0.239768473125576 0.195806313965851
0.645906880730337 -0.346949879068579
2.22670175789861 1.02003840166922
-0.279386265017883 -0.124040062458104
1.20927149126907 0.443500078891399
-0.838447275404073 -0.545291365386538
-2.24834221608156 -2.97874351599998
0.742553362509211 0.280746879249934
1.82252110700419 0.876649374484279
1.21042476482301 1.53572088591486
0.740880670388665 0.889125929903144
0.412828346171952 1.14977795369677
-0.11365210207465 0.675062831707676
-1.41711387384241 -0.365231826206991
-1.86475623989848 -1.42641641171408
-1.13685389959123 0.535778211243853
-1.09375388842717 -0.852378062703908
-1.20938816988335 -0.185787499555459
-0.276376258985699 -2.02850186994629
-0.028751626437652 -0.838504410817557
0.538039135355796 -0.919350062746082
-1.05355095496337 -0.660436192722673
2.48379872733844 3.199012550972
0.850767379582298 -0.135047281523916
0.278431421665262 -0.602870012743377
2.36617577137657 1.32712951605342
1.17926552954517 0.218913434958626
0.841839718352803 -0.0163915344003764
1.25383674106680 1.43809515946034
1.35366336500478 0.93957019028016
-0.720536195139162 -0.542770455621398
-0.868811954059956 0.476591012485605
0.177669357087754 1.68124762806330
-1.53177321919498 -1.48875092102346
-0.391455579281878 -0.0387622581679067
-0.472070031033036 0.59596898552636
0.592393724817642 1.31039361702905
-1.62454009813154 -1.43744658935087
-1.07691942845258 -0.210596869411041
1.51938489140796 -1.29182201205666
-0.451073116743473 0.630589654787024
0.679790896166042 1.04824660828210
-0.435257972451301 -0.318621437028308
-2.77875411964908 -0.468459569111380
-0.557495703931571 0.0336039596146585
1.15141925974817 -0.314212528930695
0.760621440178448 0.222713536655650
0.649032070302057 0.726789870630978
-0.978525679603442 1.17457196463111
-0.224646970700678 -0.0969395365538648
0.0465784498439575 0.139095599646682
-1.74432360890177 -1.10107723016371
0.088294739878083 -1.35701607482743
-0.0198740056339104 0.208628677533915
0.410232862283471 1.38095045322439
1.14067047238064 0.445332363374197
-1.4904137633882 -0.104813008089873
0.904807599901768 0.6906223116853
0.830690811895374 0.363012520776206
0.313526382997615 -0.117439703898268
1.08304159530376 0.859040613883133
0.637154800923272 0.293611240433383
-0.790353459069404 0.335612854067264
-0.78069097321992 -0.414236335917753
-0.0883995837262053 -0.206257800331149
-1.88548448594671 -0.835217656909217
-2.99449248172519 0.400150873257580
0.160574578294331 0.914504982866353
0.959408202708388 -0.628936685487533
0.94684613515433 -1.08349894004348
-0.933256819817115 -0.260684953549926
-0.0950313399204461 -0.234410632361981
0.324046084709135 0.452589828925131
0.308356560009410 -0.7799091113128
-0.711101653162491 -0.50885162943939
0.764573116960978 -0.344534211169988
-1.52801726861650 0.0322126088000817
1.19862446349210 0.418639547827924
-2.34347193622651 -0.94872009262773
-0.611807858367759 1.00209447701921
-2.16389478167590 -1.35885804544785
0.615849489044405 0.649077035944718
-0.549859043640419 -0.932335244103255
-0.854537123052122 -1.05550662559097
0.296151785986603 0.437862911560766
-1.06056118973750 -0.766611262769682
-0.566999853422646 -0.269591026536400
0.471163906855323 -0.176837325351786
0.582248101410307 -0.0690771003920647
1.42009921271015 2.00405762769186
1.97121256069009 1.66902065985489
0.252106211711041 0.31001131882444
0.213993295113602 0.549515612045136
-1.25246440970658 -0.191300154647553
-1.77020698507184 -1.68668935462721
-2.32811633337573 -0.558800976576435
0.193327497596247 0.647220633444678
-2.07657420900821 -0.0773302762416317
0.251641870143966 0.697096698893384
1.35033368538966 1.29286512013523
-0.846462095848368 -0.378614807280429
0.331505176731791 0.912156605721015
0.854976542000251 -0.52819173751622
-1.46096150581271 -0.318563642155476
0.387770497178836 -0.978986879751237
-0.0516578810940699 -0.244302803028952
-2.04588974535949 0.127664665098483
0.902584377108588 0.743947750739946
0.609672097900802 -0.308015406775713
0.782620790514909 0.639512423757174
-0.816344253402441 0.159301478269952
0.480795506066665 0.594104102546717
-0.872289056075046 -1.15934318040894
0.0716194622901091 -0.638364046499321
0.461820317858986 -1.68540825105390
-2.49402295703171 -1.78100536135139
-0.311598287825937 -0.94980136694814
-1.41685807969617 -1.39278965028957
1.81066882493468 1.82225564484666
-0.262892659979970 0.574006977964157
0.290548085136114 0.864524100389027
0.0401982052594707 -0.070266770947675
-0.351336525037302 1.73800491769767
-1.00743329731559 0.595785522610198
0.60765259844612 0.347697170379822
0.388723524232338 -1.15353847066304
-1.09220080323130 -0.805190139244275
0.158110613783768 -1.24868151027676
1.88175192952266 0.830542611009116
0.337921127597116 -0.800752930111675
-0.286140376369288 -1.29254997308077
-1.19696141035997 -0.137018989120387
-0.745718222992618 0.952492668793367
0.540502800204198 0.449852874559533
0.106352351722634 -0.256419661201381
-0.518228025855908 -0.300626262341181
-1.00791500861160 -1.46950396711491
-0.580405042013748 -0.0561738751915537
0.90519582031279 1.9403861088738
-0.959558086654034 -0.273413864115459
1.75118229442513 2.15698046753901
-0.95335734211465 -0.551667467802677
-1.54038995024191 -0.359266471780440
-0.869606899904704 -0.904548631404657
0.215278926806067 0.166763332528368
0.259594051931912 -0.202934862354727
-1.52590181635782 0.851363439627305
-1.95358183934815 -1.18954103479875
1.18460460037362 -0.187765438725483
0.0243102844288194 -0.266028214653070
-0.81691773880065 0.817168451071616
-1.02798292896000 0.339927137305425
0.391766096962372 -0.179663748907782
1.50775979496608 1.37734144260904
0.381642271376716 -1.09056530159518
-0.411360980694843 0.240771831297592
-0.0342979969934982 0.0297004476620575
-0.495206572865991 0.193713944420722
-2.07234449541281 -1.41424587034503
-0.540140333448408 -0.218356192055064
0.783087512559131 0.432194731563232
-1.43118347434558 -0.680699136101196
-1.2050488317395 -1.87051682386302
0.493292471933167 -1.0144301556952
-0.214102362787236 1.21191526810285
-0.881654912474778 -1.83311941363132
0.248021229766838 -0.252141572838065
-0.31612008705649 1.69061146877639
-0.897639611285891 -1.62254081647394
-0.828128819934427 -1.01176906919681
-1.85910362510079 -1.15304716616851
0.357525809686367 -0.17064818706865
1.28844488130362 0.462053885649126
-0.182733210597506 -1.18710610614507
-0.183785481853939 0.0612831297646713
-1.01119466191046 -2.06629256111893
-0.74763721510001 -0.0344405233581812
-1.10434333040043 -1.10240376103503
0.197702713857902 1.09323092666014
0.316093027917788 2.01106384564401
-2.13027285530286 -0.904778339736096
1.12516034831606 1.77271325336284
0.192592591996660 -1.31582340830662
0.895702954489829 0.341773261762712
1.13025751648691 1.10370855972779
-0.87637322508421 -0.483781027505394
-2.20627503754797 0.237547705336898
0.0415063614301308 -0.379073222559609
-1.15256918293112 -0.148034748275300
0.816170503213371 0.898233074993644
1.40854425291024 0.339971653572565
-1.07562374598907 -0.912815556590177
-0.414144410183073 0.231021282875808
-1.31266257208091 0.677976376695537
1.07536408608585 0.600156066675965
-2.29427768054148 -0.522031464315521
-2.59290310843579 -1.11887168479156
0.215681655468952 0.392574746511812
1.11571498831977 0.252833808532361
0.234269516292160 -0.015000792544707
-0.157019433107524 -1.43396929131997
0.309509108230456 -0.214014736952081
0.776304022000518 1.23252755586970
-1.05787513242013 -0.333981899603128
-0.938002516769778 0.953474352175236
2.23742902511216 0.91368980824103
-2.64260499424465 -2.29676864302122
1.11786931891020 1.64985066972609
-3.12497229512169 -1.71543460718682
-0.822540887945195 -1.01294378355008
-0.833391271558953 -0.624154005571053
0.577527807347732 -0.621263589840053
-0.101295862214514 0.796879904208478
0.675466557406058 1.25498787715650
-0.620444052466168 0.971186766626692
-1.32697926988076 -0.914519681111428
-0.665164644128754 0.133878325895702
-1.78346909485381 -1.77866859084705
-0.654248069791942 1.24065155291216
0.276810047805331 0.958828045984492
-0.431360907335177 -0.414723877531555
-0.239145156876183 -1.29187766173418
2.0594008464336 2.43591102965812
0.614618693433769 -0.100004299549799
0.753221205079174 -2.62603375834607
-0.262638455755188 0.35984832652236
-0.417254800962631 -0.997209282532517
0.748356725998263 -1.45981197367196
-0.390617578712086 -1.73712658229836
-0.0872197654750948 0.193763111790657
0.316760607954038 0.724941092743209
0.370873367447017 -0.167538872745444
-0.0277313003054775 1.43452587117619
0.192247466154869 0.449155784292848
-0.525473805571664 -0.839414896883155
-0.184910569736025 1.29224945575763
-2.67541963232996 -2.57053852672028
-0.0123879967452381 -0.164843099527436
0.153194477851676 0.131930202909055
-1.11099593200828 -0.717568716155458
-1.07979470967392 -2.00409384041926
0.139606708909741 -1.80248012950875
-0.538742492233632 0.34627137240168
0.371202625265289 -1.22392885201728
-0.379064854268923 -0.377351992381553
-1.23247003872384 -0.00318949740466445
1.77659403978085 0.452178279306529
-1.16121629336607 0.452691033942258
-1.28850038685480 -2.12140386232305
-1.00029951195747 1.02242359440626
-1.00004485252257 -0.457824449127214
0.811546458525256 -0.324178595263593
0.130447441203130 0.225916724584855
-0.969512569932886 -0.784594944363223
0.987665805700118 0.119266080391983
1.43000457158800 2.02031425810042
2.42165821270129 1.28757486311613
-1.25566239186300 -0.883698764984369
-0.612793252046955 -0.908923647201372
2.13562244905753 0.646127854565083
-1.37086392954120 0.100159637987607
1.62499787968071 0.624599052888191
0.00555307605613366 0.388095673000112
0.622360672525989 -0.567490430183749
-1.50192996829105 -0.0499651031774583
0.809584173929159 1.12025318591505
-0.756153485322941 -0.0424711561648598
-0.0268378546604385 -0.40172321916623
0.822659402960411 1.53893814448283
-1.4211593278391 0.449764088521501
-1.89733871316034 -1.20726227705008
0.954770467552488 1.64657283155661
-0.0891206050602455 0.555036209481882
-1.10077281712068 1.62931221146865
1.75992341654565 0.53153590846679
-0.527586103686321 -1.45198195295261
0.0436519605903429 0.154885090901323
0.9639670708382 0.964546175314654
0.265874870495660 0.353302495116294
0.561530087664881 -0.0941144716487461
-0.690352198301439 0.417180634379468
-1.31412677077494 -1.05163174783912
-1.60320104725875 -0.581140382433442
0.712873850015762 -0.560905841118384
0.274213452148511 -0.567306919821387
-0.251183337343911 0.099186979052574
2.40430457258714 -0.438116131515527
1.63279284040076 1.37206397647516
0.97067940415394 2.10122584385006
-1.33625504047462 0.337671833576234
-0.709110786194512 -0.160889203357372
-1.69684871072783 -1.12957755529420
-0.709220016151178 -0.0546782830818905
0.177253319532997 2.32010942224085
-0.270211480465987 0.240817059790896
-0.107361212499630 -0.0391195351470892
1.69065695712308 -0.206567867621409
-0.120286978842367 0.608400612853394
-1.07215721038197 -0.163207377848223
1.00726674552833 0.129999320069562
-0.474737424112471 -2.22833884863956
2.57850279053841 1.87887547613203
4.48053259011475 1.66329601535910
4.79407922355041 1.77336232635885
2.68722870048923 3.30221763123568
3.57172548066466 2.43568406474438
3.55177186981996 1.14908387093352
2.9983416855772 2.43609629636232
2.82897298318915 4.02928574174786
2.09106334351677 2.77900673603939
4.00317584944444 2.27895484287945
2.18011444090061 3.87058566439894
4.07772109406004 1.92554754884304
0.854311132733684 5.25498287629599
3.62385366459296 1.69676665054802
1.95385151946835 2.6357016114568
2.61306642251996 2.77868192454324
1.78870390496919 3.55653178087745
3.62952243650024 4.22280481933164
3.96682745144053 1.98646285940593
2.10091894948104 2.64823776953356
4.02255373732196 2.62229047405746
3.08258957091667 1.80477853762865
1.28134311447448 3.21741942967024
3.84460849608791 2.20224515219881
2.06049716555382 3.08457535305973
3.50837574752779 2.95562685070597
1.88668397097567 3.62455512526932
4.66609305421144 3.49804374369519
-0.00095723860693342 3.32811711893285
3.73451177762844 1.71082068781267
1.15856421194722 3.27249974077593
3.45466103353179 2.24312931730373
2.73834855575104 3.70608396180471
3.09303671505227 -0.345237438041736
1.57196058468625 2.96008156620674
2.27317784119924 3.47512173522436
3.78171768714495 2.49670848607597
2.63220510786547 3.256135323537
2.28158735951848 2.6230054307813
3.16030701606894 2.66536811583945
2.67482953752331 3.12411812092563
2.91369212530378 2.57478425540178
1.86072681569692 3.58196823331477
1.34143926797715 3.80596016678882
2.44176148498487 3.05686264380691
2.71116905448871 3.14633946753637
5.64841483430709 0.119007370149119
2.15960661756918 2.76109397927232
2.89891310136070 2.46398960697951
3.60338768682715 1.31629841430518
1.77547193289369 3.45224630007225
2.01343146376191 2.94396233295239
3.0974256556835 3.75682510311519
2.80982333252717 2.81121550391987
0.627262979136907 4.23137296158922
1.97774269463089 3.2493566647406
2.47549210100723 3.66287661361163
1.55593355099239 0.930717100136127
4.98389290085015 1.08806630159030
2.22910577033685 3.64817849216971
3.61307388984926 2.2840442574092
2.24143015442559 3.73770784639607
3.82974630617136 2.19891726314764
4.58091594126363 2.88038346720281
6.01567020287323 0.0220253595249602
0.182091938955641 3.78978119968516
4.0777227188306 2.09775019620086
3.93964760285848 0.385957808555957
4.25073639478618 3.33381229188293
3.79919913080548 1.75967826928685
3.45731694311857 0.687078810529974
3.27934825468412 2.63523547673098
3.82194806440114 1.70070831775722
2.72040174218461 2.24080668906405
0.628131162803691 3.49951271375394
2.30934301058443 3.68752989155693
1.71174824765216 2.56536907709765
3.45324788293854 3.52282351721207
2.99333613340881 2.57156182014025
3.14901535510464 3.6513969135591
1.06420901278857 6.27220269148277
2.82205554448674 1.87863325542551
1.66829906847083 3.5176950305238
3.4185709414401 1.96805564778232
1.62806074275868 3.21068395870812
2.4912998879995 2.99461370661633
2.31110471110311 2.34959075088671
2.82653691627963 1.95431939956519
2.73386741877823 3.19138826675863
3.49185699896695 2.97849491448814
2.22194615252608 1.85670550939573
4.22798447875762 2.30060450778269
2.87637023141642 1.59264355975363
1.26572081232471 4.81408542853338
4.28032256605626 2.03881163412312
3.04257244389812 1.39584750802951
2.18517386167515 3.99388294823044
3.3404030513893 4.08244059432829
2.04610470313997 0.740399057694325
3.04581465888015 1.97291788368202
3.92628451539733 1.86314244254073
2.34227668551928 4.29667783396105
3.04700410561422 3.97704301050926
2.1739870430425 2.98062908661880
2.81375984571456 2.64410037645156
2.36491073715585 4.18848284234038
1.48672059612884 3.4006408278539
1.5616594304034 3.71456224206717
3.85100538437195 2.02664238842005
4.62031904601064 0.679038937008094
4.2849840172241 1.69576720095783
2.76962502618800 3.28673738968243
0.99752728442452 3.72480977797218
3.07343758665872 2.03645630829645
5.50537382897537 2.96051996526659
2.69401700202476 3.84355120602801
3.43956379579819 2.25797549365827
3.56675583608402 2.69431496417634
3.93980235871438 2.82025824086602
2.66247869540049 1.21369615332418
3.44289131188305 2.79140750975465
3.51377903518171 2.13893231802954
2.06850157768154 1.69975712578694
2.82997463464222 2.45682498700771
3.53918805034975 3.19265246662611
3.54293246103646 2.692690725107
3.67357149029374 2.47645502405580
4.47263662285617 2.05426066591615
3.45123301811883 1.12510156035863
2.83514403992621 2.82744183138332
0.608386255971984 2.55799638338023
2.31966625598813 3.99568947185811
1.75457908383685 2.75988006400491
3.87040080359515 2.6432804779559
2.67009336652879 3.28823720268477
2.42432432026986 1.68983071548524
2.08343135838052 1.44531081025074
2.93153155036668 3.27078585179871
2.97582085635546 3.36364137865623
1.69845559480385 3.87836744640701
1.31045065669213 4.85254569516251
1.21719453638573 2.61793409682488
1.94414513052977 2.17287330269572
0.692743648328422 5.03388593285069
3.92659794989695 1.33100583968304
3.11958834829233 3.05309513533559
2.13109550189163 3.56024814385864
3.59069270277639 3.53283359190762
3.35112912653676 3.13485157333033
1.96257699764058 1.59745974549590
2.56603620966344 3.4248901017632
1.63670250136132 4.35878620262967
2.07106143268382 3.71103787310055
2.77552496212453 3.67314863205859
2.12205488647392 2.38638344492506
2.81974452514521 2.01729043681327
2.88689241354054 1.46828634751064
3.82250834052818 3.00403525486694
3.69758265909845 2.52817215459977
5.11552508010714 2.22690661144107
2.85395866340797 4.04238023605131
0.826470467764095 4.68119352156023
3.75691717838989 3.40355218093567
2.70811775706194 2.56772737234928
2.03885390593375 4.09971389777901
2.12639937574341 1.37353438331434
4.20774379970486 1.79526668004688
0.330449897849559 2.90613538829929
4.49839152655347 2.09200992959756
4.1649334144111 2.28820798363981
1.71260717870741 4.0815539396598
3.3360273677416 4.00855037332348
0.172459415989353 5.05653143399875
4.11108841906207 2.26028641858941
2.27940319055124 3.37217594240154
1.93541395729813 4.42845407747940
1.85486130439275 3.48738025301617
3.70082770323762 2.27992682102617
3.90643957182698 0.738694712470319
3.4767540515781 0.825382151480472
3.14900001521073 2.23427434892389
3.22946150709252 1.55441624781953
3.69770752203568 2.4989069622144
2.86954009588276 3.09174952517787
0.415060407391703 4.0226424579512
3.00717484946650 4.00090197767216
1.04521748091478 2.84842666176844
2.66350697752606 3.76898776377126
1.53058433165582 3.77478119518095
1.12467256885016 2.14858814451315
3.32430094200646 2.37453248178553
2.59333985165510 3.36912845435621
2.97967868728660 2.65542947705021
3.77126291560639 3.31149497675442
1.93386451975358 3.05604629651067
2.22533837269495 3.46732821743994
2.34893387287761 4.24310185752370
3.44387079635566 2.39601778263455
4.00660537957644 2.15057303051295
2.72050160885205 3.56111049262638
4.50693751290686 1.05689625205808
3.19174947789252 2.50973616768400
3.97041570083399 1.77479490227478
3.0947470174308 3.35660169276016
3.15031226714302 2.13535097974279
2.9877082215888 3.55188667805574
3.77367051532667 3.16351731227541
3.19770541304654 1.57228210495758
3.92806107796052 1.90957677796107
5.67023714627318 0.855249814944042
2.81521078222100 3.74542095915247
3.09102004563316 1.45822797957159
3.33099854676521 1.21190330134758
4.6145571721692 2.63619135776813
2.53802699443237 3.23922844874866
3.42374902039571 1.84855233494205
2.41295300755709 3.54769116192626
3.18462184225947 2.30102734765254
2.6189963758148 3.88740691419579
2.88850668681773 2.28959368312908
2.60443996419547 2.73960354007006
4.0626371053427 1.18930230521999
2.62979011247276 3.31764524299118
1.99614057808564 3.86863434510843
4.28417956802736 2.76258680610093
2.55512383002294 3.34312643201186
2.99169555062357 3.40521582820193
4.81390603346245 2.17872611036613
2.1399110266022 3.3105148046602
2.06531878491304 3.07017800958458
4.25165215235707 2.5998508555846
2.36776135417237 2.22788726259270
0.750487555265048 2.16285737459671
2.09177226639627 5.22195905450903
3.3621530468511 2.58464205007664
3.73184693184956 1.9586894820631
4.35752541828648 3.62461628046167
3.44180601757807 2.15719441869404
3.41428955923468 2.65092991176907
4.39404721475403 3.29714358000694
2.96973929411114 2.66588658635744
2.10559319602534 3.04516585706615
1.74229152867793 3.51444746690001
5.09058374252916 1.31463889951472
2.09456216274266 4.30287886627082
4.30921536688164 1.53319331657684
2.51655132992541 4.00964099746017
3.36699561084525 2.88472242054086
2.9806279439745 2.59630033610776
2.66393348923142 2.15367207912831
2.75342735585978 2.72576919403613
2.6356033027962 1.10853163579067
0.76143930991421 3.59466576339324
2.34696726610070 2.80148108268268
1.91236913716325 1.68892542483322
3.93861813746208 3.4348617600687
3.91562064192301 2.10513936960234
3.42248011317311 1.93151638702316
3.08816358900015 2.67670521075801
2.8778857696911 2.75417469301347
1.81012039172451 1.79057718654398
2.18873075322543 2.89764410898504
1.87626232503226 4.61258696188989
4.72324814129255 1.43828422242178
2.71006050646408 3.43681167275788
1.36064761021138 3.74069522830214
5.25405654066311 1.35316308448048
3.35053543112864 1.08177301703730
3.66238936989867 2.81625066722326
4.17181427776365 1.28539215607488
3.64755397276526 0.74099688449361
2.21328712872367 4.56561765223135
2.44352082525639 2.21440247330339
1.30335223762353 4.60018372484014
1.20901176642238 2.91532975253043
4.35054253607282 1.51460951086832
4.5895983993862 0.743012790365638
2.99788933979689 1.68769019229509
3.15439131792479 2.55524674605114
1.71509316513985 3.30500578588111
2.77221076720190 3.28757937379583
2.43731394483755 1.97321433834607
2.60409404025919 2.14288232927895
2.58927731452293 0.763443143518665
3.01848716478300 4.20240073247327
2.63920823889012 3.7399910608256
2.97146459673735 3.28657212991159
2.09093284151371 2.23824314345839
2.24168896027879 2.59016088926684
2.77084025284933 3.50860669771201
3.25356456982436 3.56657630323785
3.49680985141564 1.32595798051033
2.97512821598956 2.73167402509779
2.44489570210524 3.71204481474927
3.17016728556098 4.82135618881171
2.03999314175374 3.10477383313781
1.84962453498635 3.08808612212443
3.71957489594441 1.90265571568714
2.58309094682692 1.71808146944986
3.46942580637829 3.85124080747842
-0.576703130869063 4.40661685232664
-2.36282296026997 1.89708976464921
1.41535257274742 3.18085358652077
-1.35405616940404 2.84777328730014
-1.57170644346665 2.99578051333127
-1.28582788230095 2.60200622439975
-0.0873072579706635 2.21680268504599
-1.92118716930574 2.33985724808977
0.642759714824003 4.69261185455976
-0.0111431026636065 1.36145583816376
-1.5736749239952 2.09150419023437
-1.01122395119319 3.94976330124902
-1.30531862404683 3.56101956235907
-1.69211832475795 3.19150923076808
-2.57287860713811 2.51216361768499
-2.34756036813038 2.31761762977699
-1.65363482509352 1.80367254655093
-0.420054440432573 5.04831077162344
-1.47276966432907 4.06513299630585
0.0188874496248783 2.27273512282676
-2.19701005681244 1.84830682540164
-1.28241520795353 1.66639347383577
0.0299147965690953 1.91590984964857
-1.60368155562281 3.49866431817848
-1.63898368012538 2.60582477154065
-0.472065005589241 3.47477033375046
-0.465328566635839 3.48464829381169
-0.966424845813353 2.41311703452025
-1.69716779525400 2.49246378016302
-0.779086776286297 1.57991235387001
-0.0663142698945128 3.34005166147162
-0.172044694723188 2.61619706137610
-1.28576187280435 1.00596829166505
-1.58735146735842 2.43872657756700
-1.31778556765472 2.49676656815145
-1.00833815558005 2.83654033341802
-0.581473852651111 3.14076362640325
1.13224388358903 2.80622312225571
-0.313468197799167 3.42583112790663
-0.936235109955814 3.00499990532142
-3.91144064748243 1.52442529063850
0.115577511264458 4.93597952839968
-3.31183320630371 2.25994966197412
-0.453992787743029 2.79824595015525
-1.36691401494224 1.31941833785836
-2.10465505333930 3.45666121143073
-0.971952730289784 3.3846131090951
0.420521746128857 5.43980762349912
-0.40323366581819 4.1765084002482
-0.408969046447271 3.44504957607649
0.0425824785153577 3.52168593839569
-1.82630331358982 3.23669577017836
-0.71768271479053 2.68219246935895
-0.840615820290142 2.00563128785576
0.850968558074113 5.57620001092897
-1.38727149059432 2.04844727632574
-2.68369738121497 0.711774584652685
-1.15740598958409 2.4291743851434
-0.816797524172676 3.27996698593057
-1.04275060996964 2.36279325973316
0.205268915865389 3.45475750640416
0.178460705769772 2.47601626288397
-2.43700550927605 3.38223545122137
-2.50514434916310 1.40316761770324
-1.13939706855844 2.82032472707449
-0.662987821730886 2.11587615095548
-1.59898955773842 2.35589747000418
-2.35934234168516 1.69781133181767
-1.55870895372737 2.71509666186955
-1.03972906397473 3.52306586944792
-0.81115837817633 2.74515328262334
-1.47051134346804 2.30720279573037
0.178695389622741 2.99780591654051
0.00998610795378707 4.20704910395078
0.23062985834221 5.32148040261521
-0.418867378760182 3.25231175947325
-2.38769760460119 2.46010381244446
-3.55999139552958 1.19290604592332
-2.89064237457475 1.96700789913697
0.0671195406985812 4.50008774371496
-3.4198251806809 1.70024459379153
-0.398696343722998 2.45226652147333
-1.46138925931282 3.70647117232097
-1.50413481739119 2.72476233511054
-3.17677614007123 2.15506841444347
-0.48507501855795 2.13593601875152
0.234980876517080 4.35545729458027
-0.213290934023391 2.3281941509613
-4.62962921279756 1.6367780670414
-0.898948115206944 4.14566323448206
-1.08808846252100 3.72168215836404
-0.610427296140038 4.53179191740952
-3.22005667377084 2.52695759749274
-1.52789029529205 3.59750770944447
-0.85234504270745 2.12281456663888
-1.08759617025899 3.05843947444991
1.88951550320744 5.88657658964664
-1.31711701853976 2.02651284153600
0.897404156603948 4.85710194608457
-2.19016352486901 0.758307510995061
0.305283704499502 3.23277975961961
-1.21061862860175 2.13335810615028
-0.514684651784199 4.09750256963854
-0.912149139974264 3.16551969481801
-2.05150613694469 2.44173976344526
-1.17997512352193 3.25262918295816
-0.760391817800678 3.73487976506496
-1.07196743710773 3.37586058777294
-1.11812897419883 1.75288818306999
0.2606382210065 3.76509181411520
-0.887235497403822 3.00655171649429
-0.844333915428286 3.44218046248282
-1.88170140092612 2.62609335703204
-1.17686811257783 2.00652919974965
-2.34516787602056 2.90454581151420
-0.730644834370366 2.98088625719963
-0.80579347166925 5.5982173522856
-0.889435118826942 4.70222087659461
-2.43138837127924 2.71736623168508
-2.63132079990163 1.40816417035265
-0.42746025926063 4.3258665518672
-1.72749358225736 1.43581893784018
-1.04360802173830 3.12301924002152
-0.481072353137143 3.42970978990412
-1.61151220861367 2.01897460997333
-1.8577544697753 3.25513709100005
-2.83089247908652 2.75221445892025
-3.01525042356346 1.47288259289061
-1.01114834034194 4.63103848382539
-0.217879895114654 2.09462375835765
-1.13961321812384 4.2474881525261
-0.418634622862993 2.39114240414407
-2.13396226253852 2.38176451886429
0.155769362333122 3.79639169552368
-2.41688663490933 1.96200426754045
-1.08513948769986 1.84311589400414
-0.459855822320312 3.00848825165274
-1.35053901156451 1.91344523937471
0.655599674896448 4.47895882899061
-2.85968182196098 1.44241538563224
-1.43144035293944 2.33343398221152
-1.82597087577618 2.05906078658509
-1.71166390651496 4.17189908710821
-1.81735997218618 1.4056085676342
-0.431326402626611 4.1531683802156
-0.529184567202537 3.12515684369094
-0.445661520171587 2.45303742572238
-2.92712616360746 2.42013185210946
-1.56813395092934 1.05661174788939
0.354940258149838 4.90783842372671
-0.587407787970076 3.33609508801106
-1.22398435243399 3.06921489419338
-1.02511752376729 3.49435363008564
-1.18310382417376 3.33112464170258
-1.04173996521638 2.45092806893163
-1.68974143370537 3.33062265548157
-1.13134466632982 3.73810104307558
-0.692318565490553 2.04480380618
-1.04560904026093 2.48102691938686
-0.400690123264041 4.75238806755809
-2.69793484730867 2.46722889561313
-2.38699632181618 2.63616535415849
-1.41843111452779 2.76257551730718
-1.09800739047165 3.42402760363145
-0.91163997889434 3.3728911405752
1.28103056384806 5.18346172397
-1.81862855605050 2.48298679843544
-2.52359144708936 3.3196507019121
-0.593194874522467 2.83741772502395
0.305149215041107 3.25722763076146
-0.364424225911414 3.95609719536163
-1.77460746025755 1.01805537250512
-0.0137717846384314 3.74923352925503
-0.15585329888041 2.36521072547238
0.309786515556689 3.59867377985633
-0.32116421588301 2.48401832377289
-1.04432344931582 1.6998173052617
-2.06357155398162 1.74257123397627
-1.78578380670099 3.32212507872967
0.981487778932252 3.28318400981790
-1.46546866079304 3.24868380772225
-1.42103442834381 0.271258974888737
-2.65433321971820 2.31265352056152
-2.13316600964908 1.59411375332964
0.134617580506953 4.78899003398186
-0.175380498162015 2.70632004280961
-0.143046021708076 5.22466471347474
-1.80365477856595 2.38060250412991
-0.899820792762101 4.58538748477634
-0.535623311390545 1.41876686491022
-1.23178358124493 3.86618245166143
-0.379892679160802 3.03110889821875
-1.00165294143747 2.48417311416259
-0.202245251500024 3.85354223148862
0.308412951576315 4.3692570847535
-1.48471859760554 3.7042522969235
-2.37662745527329 2.55028057478972
-2.65534288171499 0.625933471104245
-1.33601357130678 3.76546546841047
0.565967739915358 4.45570352908116
-1.63078398504896 1.43820345909666
-0.667442228926164 4.30609118118613
-0.700929319898811 3.60876542229872
-2.24968728600603 1.76982684980534
1.37885705908683 5.20762703049495
-0.653037205113391 3.02402653415732
-0.288133987680225 3.32778832602057
-1.02657655157850 3.24550883484447
-0.582504241425293 3.18388364359902
0.718600297999886 4.0534708087077
-0.616780144942351 3.46963278754986
0.0983942871181376 3.25010939125643
0.189815780424718 3.89666583850838
0.210670740168377 4.35813371312831
-1.15871840293009 3.34056175543273
0.584310834114155 3.06169660958047
-0.769270922328883 3.18855016771486
-0.595174661357874 1.79166226336692
-2.53299106975312 1.13739986375257
-1.27145699732045 2.29933437924432
-1.02812937258656 3.55620443029875
-0.993641575377443 3.44213158659815
-1.78158813646041 3.26313316305864
-0.538355385527771 3.40074463905
-2.45903208933297 2.06462231083770
-0.705087088587954 1.75767969336466
-0.67973068511786 3.38059074132053
-0.109096451997628 2.41324379624163
-0.443346617711476 2.60385617344316
-1.03548875569287 2.84763486551827
-1.28852148018639 3.51031732282732
-1.07452770648500 3.42265115179305
-1.10189049973791 2.88801741043428
-1.26571614998868 2.11547336188293
0.0405979761240174 3.36038651089898
-2.028326628141 2.13483942723981
-2.26654433328411 3.77997445171228
-1.69541921271093 3.11072610738584
-2.29375407499738 3.19053446053204
0.284648237271547 3.25162872151522
-2.66144488418575 2.32825764226875
-1.98469791855197 1.65719625030554
2.01045001911409 4.71378061190544
-0.973475419261132 3.69618299975139
-1.32800467567187 2.52154037824559
0.291947464401643 5.43684513598622
-1.46498170077138 2.31149076518914
-1.24171371464242 3.12743220832712
-2.51481456218201 1.04456541789528
-2.49546359153833 2.08271009445339
-1.10240209418953 3.04444365753501
-2.63411873132934 0.781364956789202
-2.50408556742231 1.54894493934502
0.345503207048336 4.06181607535158
-0.566590651387086 2.21342405394126
-1.00057402645247 2.50894636694324
-1.24262031312534 1.56880182950995
-0.680305430811527 4.33579225001589
-1.07708055421812 2.77812989057689
-1.80710640600583 3.21547042643767
-1.92928632074219 2.59158755834472
-2.67141672673016 1.22611614383241
-0.506409390548006 1.09415143310892
-0.439420955329 3.19170882984408
-1.32697433972289 3.13204627046355
-0.135959332150487 3.1338604659975
0.739073780496732 4.4457604329748
-0.903022604402882 1.75880362842513
1.99176215115136 3.82921851497695
-0.221659277993387 1.20133531393396
-1.66078188908604 1.87312957345886
-0.544577520583183 4.18391270299022
0.191381235017265 4.80258599704877
-1.38307781659703 2.99066165110085
0.542887454883838 4.5722235710491
-2.71391032102544 1.13802365725755
-1.56051855140329 2.06939313662431
-1.32938478178816 3.58026079298151
-2.18272426430378 2.7175677762951
-0.69629502779497 2.73295307703596
-1.64476779811200 3.88108025275101
-0.185931625476918 3.84263510309103
0.870058576596692 4.73002706134847
-0.590255871798343 3.66707194548604
-1.17458716459381 2.67725414920002
-2.64063345341219 2.39162260105935
-1.17117977064155 4.38746469919553
-1.36252863180057 2.70173150008573
-2.83956315965339 2.04277387204029
-1.73216221049651 3.96963165053163
-0.79054192887395 2.30524484441929
-2.43415603416945 3.09539064754471
-1.26778579368415 2.36578659246045
-1.55513551491290 3.26631206753236
0.233551014346697 2.88389957858974
-1.42319477573126 2.72993088478376
0.450547395300402 4.49952259731779
-3.03756345479441 3.16617115848721
-2.26060659797962 1.50541081158817
-0.557228925917243 3.95895114960499
