-1.08451280867585 -1.03649633078253
1.47182732162072 0.68646617163163
-0.331599328501677 -1.55302358495909
1.47901100855424 0.478201388212105
0.824291430953752 -0.920438068140082
0.97945670017339 0.383083912503363
1.60764529484147 0.898148885340175
-0.99405803060335 0.180752357443768
-0.418341096490319 -0.644271655930865
0.89048472925485 -0.764532537021295
-1.08564512559857 -0.455638042071925
-0.178729967696086 -0.351720954893741
0.968803406156544 0.0767634029680052
0.891980842129604 -0.114757937473919
-0.664459086625197 0.0454164211229479
-0.505785193121161 0.661606747098962
-1.40571757657752 0.0457114665755633
0.245754432794429 -0.546527372481731
1.54760805195257 0.998777832356245
-1.63524274572606 -0.878174214582848
0.297862345646110 0.769989550524243
-1.97382167135376 -1.25799625112256
-0.919532973247888 -0.172854718405478
-0.696625918775779 -0.0860459493372784
-0.592433558382262 -0.342122407612303
0.129129874024185 -0.561593438581412
-1.77482030562387 -0.464628945669697
0.214713687490377 -0.123209836794541
-0.297865846503113 1.40844052160702
0.791407648063303 0.0565681144957464
-0.0454873921830572 -0.000435700589125431
-1.62362761677507 -1.08634522818470
-0.234957674995544 -0.577183234517144
-0.832266154443722 -0.158107873755559
1.07729464609204 0.914863522795646
-0.337060339505775 -0.368182733027248
-0.400881843783416 -1.78689889000631
0.189555836761777 0.00112144222613256
0.753764379189707 0.590694197723285
-2.54862920516706 0.741429114185487
-0.88156990662997 -0.281302093697184
-0.0337595587793754 0.121593182110714
1.11060766409173 1.47181310480268
0.356525543660371 0.0373582590647450
2.32086566954897 2.35930155398863
-0.198918266587357 -1.05277385463244
0.0128467437887667 -1.23077998963561
1.87883070734907 0.849389489862978
0.264717903299891 -0.0385408323197534
-0.286364232067865 1.15567921764097
-0.962588786645338 0.980006884896938
-0.055060224887606 -0.268617180304914
-1.05697226104299 -2.08235568176061
-0.911864624653522 -1.70912060441614
1.47068217193765 0.550324976785811
0.949619996419929 0.578303302530615
-0.937434138451893 -1.15499923682554
0.300901079959051 1.22267741021494
0.465172497291862 -0.227786320944538
-1.87550783388014 -0.711810441951045
0.865123527918869 1.98675927096728
1.98687680989824 1.94723239974129
1.58721953865628 2.34217225354714
1.25322614132619 -1.12416911494806
0.981358495364073 -0.514046550139426
-0.067266772767743 -0.286385448337366
1.8671859646576 0.219477390619213
-0.108402910668745 0.345982258842414
-1.17397033951741 0.719258960551741
-0.73891914970538 0.904484913409149
-0.351443520016855 -0.659896889366826
1.29061132428602 1.37865099874721
0.695862408726588 -0.586968290276221
-0.245710098536918 -1.4810385925452
0.611361509053882 -1.70023653832234
-0.746409540415821 -0.232990071568028
0.163633698060984 0.0390057724944408
0.0704390190136637 0.495340444557283
0.270352964411683 2.48771636758004
-2.11827223831922 -0.0556841450811948
-0.951618014852363 1.03481803435184
-0.168144457203626 -0.748217510037143
1.14489424928087 -0.102117124470505
0.333371631798355 -0.54548873019462
0.662786805927103 0.727927070382624
0.438520748380314 -0.180831968042261
-1.19460152376460 -1.21416434288017
-0.465844736642825 -0.501329352571784
-0.0304112109623505 0.914149105544506
0.396300012330056 -1.64856104380751
-1.75520690718029 -1.81378683486242
-1.94474368147661 -1.35786555290711
-2.47447450509129 -0.264998315357064
-1.14175135284067 -0.75847487587785
-1.10224935779145 0.440085425173929
-2.42148055897793 -1.22398621920260
1.46012216739714 1.61357160804138
-0.627881940578412 -0.737076554436429
1.05442491842612 -0.118186928211937
0.617206198684884 0.171708770843797
-0.163784311813402 0.483076636658707
-1.33669119443999 -0.218503956964897
1.02795458658480 2.25334327696810
-2.47879701599190 -2.48688915456398
-1.65496401739094 -0.98197813281229
-1.17145223490387 -0.26262353605258
0.880996669552249 1.16060786399937
-0.190322221178461 1.43517422251186
0.297837270229207 -0.525254290824827
-1.37900518254733 -2.42696505498952
-1.25208676775930 -0.394617976721527
1.04776018665355 2.84417361063912
-3.39658785017938 -1.39022453062433
1.14541613943161 1.22857567207177
-0.787430407889835 -1.17532306466625
0.328023722925398 -0.825794533891507
-0.163414858586921 0.309320780712437
-0.203397535998417 -1.18583233860914
-1.66327845522409 -1.53663324827179
0.318981555287611 0.690157631702292
-1.92190237019051 -0.342657535194095
-0.461877656292732 1.46998176385118
-1.31220168859248 -0.678397485270509
0.428741934986854 0.639322593414889
-0.274710764244351 0.683017786811131
-0.194901203682108 -0.890194962475847
1.79339796493018 1.64159097563425
0.652335386192071 2.32417727462453
1.97202338703617 1.23991296705991
0.685200514545712 0.274969109760376
-0.407527271344301 -0.228775578332678
0.604797155419093 0.0666985863773087
-0.204984218803539 -0.596478763607249
0.0545811545564501 0.334681590771175
-0.649728840689399 -0.0599298010673585
1.11298344616735 0.0473635485027707
-2.21391830094321 -0.962380010959889
1.80015427291771 -0.399246539957329
0.245581227233189 -1.30896070027524
1.39770942074162 1.21078485859382
1.02674126284077 0.823393705588593
0.26441672867411 -0.675064334067
-0.265647167200279 -1.19396714610632
-0.154829825439418 0.672794157734532
-0.131443827776885 -2.11434086596368
1.12774244317317 0.487288013275395
-0.909874968835969 -0.439479512146513
-1.08604091034702 0.126008313762028
-0.664638449300184 -1.29694302369634
-0.8346241731499 -1.35182874042434
0.637352234794187 -1.00402560718437
-1.15315422400305 -0.731388803647842
1.55087339781481 -0.201034461391619
1.27713318661594 0.00518144055932901
-0.593246035558523 1.33704220340395
1.22288163297718 0.196474555688365
0.316581376350018 1.53286336876677
-1.27753822156538 0.670582868542848
-1.15116927359926 0.68055614704422
-1.16976688158379 -0.129321826666818
0.732028810077322 -0.629526036140687
0.656254224666876 -0.516722625685309
0.704390017507157 -0.973942337223553
-0.0934829193348109 -0.494012985647772
-1.60785299981948 -0.290828534275295
-0.337319132386649 -0.644010483696124
0.733928073160968 1.26597042969813
-0.135268027085880 0.702235881872388
1.83236429804329 0.109030025894936
-1.49969297185708 -0.69775519539748
-3.07504886834173 -1.03681479321638
-0.142587037044613 -0.101825441115174
0.586520442791654 1.16834079417611
1.50745438781899 1.55737976166098
1.52580692155647 2.12693182709599
-1.01140850858239 -0.942541918715682
-0.626362677196699 -0.290149118165748
-1.23464114800587 -0.579802719596063
0.591452423080553 1.13777706134458
0.77046813137108 0.0549275056093269
-1.26540747964718 -1.58662994950752
0.000497685220656406 -0.806208037536857
-0.411055716968504 -1.02739980379442
1.08816636553187 3.04626067321818
0.438822407238977 1.33707559839896
0.855493975768372 0.206919836339966
1.06014893577344 0.571540677801174
0.0681611174094864 -0.900015057474384
-0.186446542338372 -0.602490862772299
-1.35956361166215 -0.779793989544046
1.23307852112787 0.216745004438766
0.205783410338773 -0.208053137472175
-0.248463402910325 -0.979800297889057
0.138097574939625 -0.19320713308743
-1.85582394543751 -2.36673282334255
0.398368658566002 0.344108287947732
1.23331415422337 0.366491451269962
-1.41296889447127 -0.322797798476033
-0.0684831810791631 1.49242606719975
-0.509931042029551 -0.798085453687866
0.861629862328768 -0.683538755842138
0.450397143837409 0.111166602342417
-0.792113304641646 -0.298670309945732
-0.0151335830653832 -0.285632814152091
-0.175734325570758 -0.556550100104952
-1.08441739177322 -0.797830948194766
-0.178527179521360 0.709140047141809
-0.83402382748924 -2.74727430092978
1.76871579018793 1.75150578264725
-0.218257888656424 0.393054112169827
0.029283037909373 -0.256498186999088
0.8795856217872 1.53572609992655
0.048836196725838 1.79183827542267
-0.152183109869643 1.33670989283010
0.958078499227659 0.95769174714602
-1.62404510058163 -1.03397972261006
-1.64067287022727 0.301065714025053
-0.870378469786275 1.57100414860165
1.58743192231298 -0.554972344614272
-0.253493891110085 0.134561135140796
0.0928655049441864 0.272031695213297
1.45675916637918 1.17916569472778
-0.110182949034529 0.0698699236017805
0.62637444349454 1.26084614494377
1.99472462155683 -0.322898031149535
1.57889640740001 1.86583830543544
0.939606006052544 -0.490882945845564
0.0364003448164083 0.360691022950283
0.558967653606633 1.21912929589597
-1.88270600358474 -2.7282397961481
0.86826111314164 1.28572399671332
-0.196567325445388 -0.400619280316583
-0.855905286146863 -0.391102435554565
-0.096489847980994 0.452046959364987
-0.106335408716483 -0.68965495202514
0.843424422637484 0.00585604690599267
0.605973638617472 -1.53916344311252
1.99889441372568 0.742299795193827
-0.951783420022237 -2.23347411727913
1.01006249317186 1.16698794233632
-1.31347309970410 -1.39510201847284
1.10981548321564 0.898363662544952
-0.0353762751203215 -0.147964954783106
-1.95625737080262 -1.45642999574648
-0.176268391012399 -1.43408535326670
0.283870641253185 -0.418236557248178
1.11397389236514 -0.0380097142773622
-0.107477403531442 0.478974018482637
0.192443749574087 -0.290594707708945
-1.03864332253334 0.235175386667709
-0.637226799053002 0.150902457110614
-0.680502447557322 -0.396600318178899
1.50738910903232 2.13799395206450
0.113254755537408 1.76906971442462
-0.139458122349269 -2.46916564549487
-0.78621475692185 0.0897248623053986
0.85027385020081 -0.866366834343938
-0.382838145523431 -0.676636669266768
0.589102667307083 -0.995991666377953
0.320714181705356 -0.261637658740672
0.673583813418905 -0.0105127254453112
-1.61718032784665 -0.0835834678557169
1.24439550134880 1.05129853425155
-0.116277706136355 -0.309238860916749
1.6623589623541 0.490400355467397
0.583466781836335 1.17396273001877
-3.44162183586788 -0.724083677405502
1.40717947739259 0.789592295915627
-0.920429836945073 -0.735104704853502
0.59308462267976 1.02469336963167
-1.21780589579829 -1.75753281175096
0.438106701173786 1.29454159663059
-1.49487113666610 -0.579934717051742
-0.792738080797825 0.885151270856988
-0.0706982508698705 -0.398348299777972
0.657806762643927 0.589866014331756
0.138354343483961 2.08437020177451
-1.44848456481483 -0.390814657038707
0.142507158818467 -0.0340872541185321
0.115828714379768 1.33142605792523
0.908835856531792 1.54790243806121
2.23622380908840 1.98831512477954
0.041656885683479 -1.08920951639993
0.599313825912989 0.585300520465288
2.09877722618292 1.45295596192386
1.66565008488840 2.7881441428873
-0.230537972384873 0.106757102159453
-1.07974249296309 0.103627432030341
0.347538911425326 0.624126669988798
-0.0784123167283818 0.991073086282832
-1.27040188987904 -3.08184283905541
-0.340701352261628 -0.681177323225347
0.210995226243848 -0.428363685511284
0.68469758813971 0.803037414599045
-0.882986940691757 0.376976330822169
2.60654534059731 2.3366410880618
-0.0630849266760723 0.072153027730436
1.66986681576429 1.74788639310649
0.587863477002116 -1.10043353815455
0.195915975614263 1.13956379019218
-2.82539717220032 -1.38729621574315
-0.964221915128072 0.9080247206114
0.192699324163815 -0.256830556477876
-0.219986754036773 1.65290287506013
-0.746838487488004 -0.547209378548774
0.092306543120735 -0.301414621095851
-0.120916459976797 1.93902672901057
0.249669429440221 -1.46977106137923
-1.52580464633629 -1.79915000633833
-0.301848720305632 0.447184747412448
-0.146552795396759 -0.454882894611344
-0.274859035851768 -0.93637468596704
0.955694148347012 1.22514038369113
-0.799435593030373 0.5900906429579
0.765944006021197 0.980109487806243
1.40709361795442 2.56004426876116
0.932007438142934 -0.346726429046697
-0.92412237206204 -0.415878829005695
-0.652650456381901 0.307373928758398
-0.128325010909539 -0.567426721470936
-1.85978773504550 -0.830178909677812
-1.73647813385381 -0.643082345078054
-0.362097174291994 -0.332877334479898
0.385090580302035 0.392138757670444
-0.584883853501198 -0.515954594795082
0.880341748936527 1.34167484614324
-1.63884267146455 -1.38166517475371
0.408827119052302 1.30298810711603
-2.47928427451306 -0.703223782410007
0.153718178376609 -1.17891889224206
-1.00396394308787 -0.999837272344648
-0.176863491786584 0.587317390484841
0.72998070907938 2.92338488075126
-1.26361577364939 -0.997950339915444
-0.0695757973586089 -0.95165993591694
2.15077231680553 1.2670078434008
0.777287219170672 0.605710051567883
0.977666666026316 1.35706063069079
-0.394436903194141 0.0830339077909593
-1.75022002913503 -1.28489484137382
0.54768206460209 0.220983447080424
-0.00568636625295136 -0.725263848308295
-0.587624847666187 -0.0584578671459068
-0.711414397521752 -0.849882575324946
-0.956610601968435 -0.730419755712687
1.9152360737652 0.00325582065530872
-0.659587899171508 -0.254863023556754
-0.343567869046789 -0.295893657098069
-0.897638759173086 -1.91944687415962
-0.44168589241315 0.3716448531435
-0.558788408907308 -1.40830817350092
0.0888975548806692 1.36440499691106
-1.74580819750461 -0.63231215479578
0.246209854368808 0.0681690876867957
-0.938418604207756 -1.14146122053127
1.08563909887455 0.902303486435725
1.12005615629373 -0.604472106774856
0.388695613488398 0.31684717935554
0.50763196419358 0.175525663141464
0.522739638498166 1.13175543529669
-1.63910034147099 -0.952257694570444
1.09443371376425 0.195894173655528
1.54448047376735 2.08325318471109
-1.9885641697255 -2.48853685532808
-1.37743007339122 -0.623866021170018
-2.44908890897595 -1.91670179673590
2.55669702800583 1.50242556296614
0.452632399977876 -1.61758358067819
-0.8238163749722 1.64182390743672
0.0682567194045892 0.825398399283817
0.873864231307213 0.00236975532593409
-0.411204132851123 1.04720868853273
-0.133440743545649 0.242234156332987
-1.08551695511257 -0.277535002807513
0.512207439061791 -0.333988318457645
-2.08422208799935 -1.28980254230121
-1.02196507839721 -1.08898587064666
0.474250884247798 0.859858504119305
-3.74645141343760 -1.72460449624468
1.64064854894954 0.520620749214952
0.618720828345447 1.01233996786856
-0.320628021522036 -1.39985545829357
-0.814284926304299 -0.622544639747933
-2.23611694687878 -1.40625517689633
-1.33479379805858 0.00961656897515956
0.895836674248741 0.675783045841888
-1.87691120115712 -0.184635735454259
0.0457359794972360 -1.06309865896481
0.615337135668669 -0.58702826489966
0.0949699203477945 -0.965764310032123
-2.18217115061579 -1.16488492018808
0.151974632958706 -0.472912361195658
-0.587660180035667 -1.46858892687134
-0.345079362222363 -1.36307835567664
-0.843349509767985 -1.60067952467884
-0.215738583889762 -0.581357047307688
0.98209841601353 1.73113395532936
-0.572059589757277 2.33925442420067
-0.198345238978363 -1.54635311563442
0.958238165427415 0.880435992553367
0.778085905117114 0.695272115381284
-0.301425053531773 -0.425660618475294
-2.11226702998656 -0.491760723145985
1.21111737194116 0.596201014363857
0.830657085545198 0.946039713846438
2.55683303179961 1.99061166381731
-0.663096474255073 -1.94705089297939
-0.211828669923091 -0.658587137655164
-0.718320427795242 -0.436322088654088
-0.106057164741350 -0.655892492451684
0.713557683359471 0.553165734379411
-0.443318460121565 -0.126205128438486
0.493848626026706 0.718234173553119
0.918438088115315 -0.298994517006454
0.00692514402785757 0.278801212438696
-1.05344383183595 -0.374095398846132
-0.596333324371127 -0.241453608241890
-1.86943240734621 -2.72267961272911
0.629920403483604 0.470673386608037
2.87887539151503 3.30682752870371
-0.425146967573056 -1.73546006694709
1.27880929338939 0.405882756683262
-0.749967428327293 0.403636889427596
-0.00352702886009202 0.532922084602639
0.557888719850948 -1.07192694802155
0.610320610378467 0.594604090591775
1.25416773052374 -0.0581318705965119
0.0493554264686599 1.11030272911406
0.510230214625562 -0.560023107611527
0.65946875273137 -0.953290269731104
0.709849214040113 -0.326646180319916
-0.0615075338910988 -0.177011391095921
1.13185147956930 0.244384657507585
0.475719941821887 -0.0611018074439864
0.623222719071294 -0.79009936005871
-0.743045787536076 0.732450476505719
0.830934207382448 0.677924986132908
1.54594490738378 0.435012026867078
-1.50534295297456 -0.291308378736095
-0.830592327372033 -0.973425745224089
0.0698568720997933 0.0989729252851015
-0.56624446963989 0.0248966291294296
-1.31967068605715 -0.0483937011502397
-0.551283010063344 -0.799170792436068
1.95840873636502 -0.520899387262964
0.835691640435085 -0.215083356509181
-0.178518054980536 -0.81840333032735
0.822172739174819 2.62331817825288
-1.88062742281383 -0.359145362906271
0.545547486802409 0.765201832316853
1.33911206853579 -0.104976936297937
0.284508254214394 0.147914589580334
0.736807573760614 0.212446443950601
0.80512760335041 0.928186748701313
-1.81917994486245 -0.976859621512178
0.0438505160031694 0.321480904450239
0.732487402842542 -0.288518068046693
-1.16310267102511 -0.0792399416842687
-1.87355498714054 -1.07292197065706
0.815337353889113 0.525868252882606
-1.75657929278786 -1.71179978078124
0.228590439230022 -0.0937380434457663
-0.218990530168783 -0.655717203733651
2.22840043111642 1.89226357486032
-0.95357436204324 -0.388876002228329
-2.11502395070795 -1.65949502699205
1.01441267266522 0.472322925955612
0.445296276814517 -0.619335720016939
0.0391745374519408 -1.81038506043147
-0.853883584337657 -1.97299978941417
0.824122507200839 0.494553335054414
0.827227068961928 0.165294468529372
-0.255657941511479 -0.948038760630235
-1.3317673564219 -1.01655865616099
-0.35692322173478 -0.33643258303169
1.20400044687750 -0.331287926686098
-0.596617374459894 -0.498952758012098
-0.900556161569658 -1.44360891603131
0.522013459462303 1.013735225142
-1.28391915561165 -0.965417776214083
-0.105569858324016 -1.04311438418255
-1.28763022516004 0.0829590581638832
0.640362534487849 -0.0549264667682038
-0.882000196900612 1.18706450496278
-0.327381216319956 0.473912223385525
-0.53268187511938 -0.971176987891464
-0.666610206628494 -0.783378647575496
1.40593661124754 1.42756054166248
0.721716122905067 0.895615478910005
0.633593704012929 0.633731520652897
-0.301318159795630 0.760055269531343
-0.147543129201634 -0.756732196793739
1.78295675902204 -0.769918356474907
0.80186576653167 1.69880071806427
-0.265757198709802 -0.442162471212706
0.148650440636561 0.899412665454723
-2.41587251139350 -1.67891210359764
-0.140040313844189 -0.838116692760096
0.0647720644277646 -0.138625097435937
0.138716316785960 1.15778174077892
0.375610886573758 2.11140988169768
-2.03833764835752 -0.435575292760644
-0.942650957002635 -0.748694157126925
-0.205027828804506 -1.02741025366421
1.01568535476485 1.34750969259045
1.78885369293586 2.19596210441266
-0.638205529048076 0.190101047686030
-0.280172765827013 0.954698308300343
-1.28914337111948 -1.43218140816993
-2.4221111566223 -1.24893065988278
-0.143714257967482 -0.674293425423905
-0.738486924150105 -0.845326026860643
1.29515431109894 1.07285489611519
-1.26271888903419 1.31592591531271
-0.0552801538951297 -0.0953463548914102
-0.319253446562842 -0.607028611218242
-0.594795964860622 0.895106635019565
0.386116549087125 -0.0621483576920999
-0.482569040796886 -1.29330729246500
0.627945127443478 0.285927898421424
2.70841018894509 1.87602420307866
1.38680750011835 1.34499417364749
0.331865341742034 -0.319872268031775
-1.43643690234040 -1.98612383997222
0.00200961256051932 0.447395322102311
-0.722360185026392 0.98916154510222
1.80933749378227 -0.113727512756715
0.496525120781658 1.38731805695151
-0.944638965179972 -1.33228495957787
-0.980310233262476 -3.60953844293073
-1.84719855110836 -1.43946157704069
1.20382398824146 0.358026081590269
-0.210121498513009 -0.674271812223472
0.364696494145187 -0.231087051039607
0.0152517889729721 -1.44039222861159
-0.00833349670649748 0.325737385132178
-0.556128989545971 -0.503214358409398
0.0249226932390277 -0.77981864899085
1.89098287356778 1.78615811301145
1.49293812034902 0.495186289439411
0.0808961747829203 -0.85810367812456
0.802731348323127 -0.087145066969763
-0.806285224470635 -0.128136515080601
-1.24700416204198 -1.11162044152594
1.35735967236540 1.35712709022775
-0.719740449872931 -0.551798497017375
1.00373578682980 -0.34476000608501
-1.46234681921533 -1.24170388996118
0.0447667151951377 0.817910181780121
-1.42331992008744 -1.71194927162142
-1.08164711752328 -0.752190374375733
0.337739979351433 0.341036700919652
0.963242366083877 0.947591009494188
0.532378574298455 -0.535962978080209
-0.416536359463161 -1.11714634804442
0.165353921305940 0.103008204787344
0.0411469228836212 -0.100823808843494
-0.0358244611189758 0.226399082985689
-0.619143301209567 -0.57793657679991
-0.234714118661395 -0.2301230590437
0.894648510060703 0.0437617799592079
-0.891121548544354 -0.204710795697352
-0.189608032507791 1.78832267559022
0.96734627359268 0.492139021012661
-2.38190887560688 -2.48184730486422
1.76269760489123 1.23282262831000
0.723550211375963 0.450247091600212
1.68489986834422 0.270917193637148
0.371166538815202 -2.02109115615757
1.07686734568322 0.561240833647726
0.346982691981213 -1.18010901565794
-0.99351632351797 -0.651297227636068
0.275405125816326 0.35754211094137
1.79887840480053 1.68250654452845
0.0047124689505814 1.65395232604817
1.59252888579606 0.659538552558047
-0.646451146244038 -0.120404160506497
0.220483610631634 1.38489196868470
-0.0584597613844085 0.513226100727283
-0.777277497829034 -0.283753445403199
-0.71893349625839 1.61125302497469
-0.78745872442449 -0.346429649611652
-0.028920386656938 -2.19569408289499
1.14903035820538 0.997697514585996
0.695823931259098 1.27430573180814
-0.206042698893374 -0.939152127390238
-0.643785481551292 0.249294175252361
-0.838731679273686 -1.10077383713370
-0.198531766809476 0.086225181178357
0.321720058127492 0.562644920013729
-1.83884503862347 -1.05151750377016
0.0441525152755228 -0.30760044376461
-1.66672404307351 -1.27172384492815
-2.39956660780761 -1.65925158989419
-1.45045346896855 0.630978432809193
1.21552096991348 0.773295511137428
-1.83199271057813 -1.86031829855109
-1.72972563950130 -0.736692187268297
-1.58449779635598 -1.20617140250784
1.70129020167242 1.07095331799621
2.11032324261452 1.78174994901276
0.98588618386867 0.322992999508913
0.223217724265865 1.28219407075883
-0.875212171101105 -0.98270921381726
-1.59676899974108 -0.119990278328811
-1.57385726235029 -0.676101197641433
2.25640095156004 0.0962826765425613
1.84297986948808 1.20039817289167
0.669372648236907 1.11620213173984
-0.73404800465989 -1.30136811972808
1.54273490058618 1.05436223484562
2.04970985046955 1.47568397470191
-0.906819507839166 -0.373120040720099
-0.603089460069391 0.0257040012528932
2.35705658328220 0.982024640751247
-1.97607015941867 -0.427134652114546
-0.268566056732553 0.189929102833889
0.599087118393963 0.143431099288705
-0.0754739523394149 1.10247284970194
-1.3167516548542 -1.77674601969024
0.91527462293284 1.76274315178828
1.02231518647496 0.730138882084602
-0.3453645312065 -0.337230601413083
0.96844206931055 0.611716329015747
-0.444407456699629 -0.0259373837114335
0.756137782321916 -0.523474646199605
-0.645339517254262 -0.831648047747491
-0.0776712873580792 0.0142284035665342
-0.26326951566226 -0.416635924791566
-0.584114134790427 0.136676280264303
-1.10029770722667 -1.49988903424762
0.223452009208641 0.799898249082439
-0.95476985854083 -1.06322886948808
-0.040016381664453 -0.311202864184677
-0.671986916478049 -0.964257142448633
1.38982098366068 2.24875396747697
-0.0357324266073627 0.580829166835007
-0.95718245983072 -0.484247093560347
0.114966850185900 -0.258090805855248
0.0720196069457763 0.531716988716674
2.07510190629112 1.42873953625570
0.72547003596769 1.01384667083409
-0.0167599584373229 1.29314617537489
-0.351282942151562 -0.239430503060278
0.119550325570620 -0.364234617561923
0.111624693346034 -0.129344883684481
0.604368618432346 0.477414631832669
-0.366531863260123 0.605619165415724
-0.0698937188536703 -0.0980936664191682
-1.62489055218725 0.219756360415661
-0.345442623251944 -0.9555350913151
0.206552956600913 1.23659811931766
1.44460943716536 0.458121389357615
0.459566114172858 -0.931485261839363
0.819377315783934 -0.296151095343715
-0.335204352983367 -0.579122897857893
1.76250280788936 0.649292761029226
-0.164714672188447 0.425451262280916
-1.33139550431010 -1.19182814146507
0.799566517567106 1.55590118434242
-0.271043568898471 0.267599299200175
-0.953384106773951 0.194666509316404
-0.959144249114827 -1.13044302327579
0.645461851271004 0.342527764170349
0.463139066377108 -0.406837460584125
0.300561686774702 0.517727838565979
0.847944936073259 0.686991501783902
1.76736614833056 1.81810248449365
0.745324261140155 0.414534155050407
1.5373991250042 1.57224923304698
-0.561080397595459 0.267692687257474
0.97801487156071 -0.604841466788654
-1.58946132257906 -0.481500577793329
0.0629641679338837 2.18880390562146
0.121435919601792 -1.16931387237226
0.343958804796519 -0.469676618922759
1.03994873094638 1.69810419656545
-0.471635969831674 -0.244765461398143
0.188667630173633 0.581884786324513
0.851565322561842 1.15863523813817
-1.60856491122697 0.192020284154959
-0.161664491587114 -0.517142384036745
-0.342663009192465 -0.06819682717132
-0.65452882874194 0.464711578812857
0.579524017458117 1.45832738516497
-0.437039625511762 -1.12936220122673
1.61569593372437 0.566952133731621
-0.486308971637936 1.22678515159494
-1.32856895268754 -1.75237625511350
0.286412019903976 0.254152770122422
-0.565086438284663 -0.462105804839081
1.60000290124936 0.79272106204347
-0.724800559566171 -0.843197344637198
0.161453212350706 0.524827373707597
0.153120916332512 -0.465301544305417
-2.38246335718797 -2.4706533666637
-1.40243453208813 -0.749331678171206
-1.60169564624679 -0.50239600951272
-2.03185489609782 0.0749939537235776
-2.38001407928344 -0.192963649168330
0.813970572736785 0.081859042608717
-0.935044080021824 -1.53646795851579
-0.523965087058437 -1.08152423306705
0.877924217190536 0.744810204936808
1.47024514529677 0.846413798419639
-0.185244956560957 1.73670667033104
2.23993906043808 1.55977961268064
0.336113299307004 0.224430313798181
0.731205942312503 1.15672617966683
-0.304338504677292 -0.604396187932077
-0.989278820375918 1.02587542446952
-0.0715269892907843 0.0606170093794737
-0.0229646339931617 -1.05366853816545
0.393569624942607 -0.361840255986817
-2.20021195984393 -1.19609430139869
0.504861291355153 0.946621830501748
0.126745375275999 -0.653524695908632
-0.650851858574754 1.65064518245406
-0.147812370179553 -1.10508984918634
-0.0604782881378709 -0.233546805819131
0.3069393902694 0.232825438086392
0.538530633263913 2.50366241741815
0.743493151274921 0.425815393461886
-2.11169822955334 -0.594581312182766
0.719369372478282 1.26400066995770
0.772400670485451 0.199829771837308
-0.80889084200069 -1.05457744635871
-0.680089477155775 0.473712035251867
0.264332427021433 -0.40549179168503
0.146080817215375 0.357996370994897
0.337292108008248 1.67726622153058
-0.379202398367735 0.876428253972696
1.66756809736758 1.17903074927698
-2.02604507627339 0.503239948958698
0.336082885384853 1.65094929787528
-0.220642472403096 -0.100469896446024
-1.39404380878495 -1.73900677406624
-0.0700890112254824 0.226452219494060
0.0100319535146028 0.208176141160876
-1.02898157831396 -2.00157735506724
-1.9950508804244 -1.39674306700573
2.98734866687088 1.39828118680725
-0.500407474482128 -2.4434860402846
1.59208129403251 1.32614119900475
-0.234065862535614 0.213579073713897
-0.727313694935918 -1.37868416795391
-0.954665125881535 0.470373437070039
-0.220950398875623 -0.371460036628873
0.245360335830283 0.436578197230976
-1.34812193323024 -0.236765164734893
-0.680943025479192 -0.0720387593528743
0.813620374539636 0.14762555281391
0.276519334739755 -0.491443903943166
-0.92118560268388 -0.164419030441185
-0.188473186541606 0.448530536194677
-0.920343028446623 -2.60480769258841
1.76298613287605 1.53420634672884
-0.55695435353136 0.478098623846511
0.956683746842092 0.530431562641542
1.15930280607954 1.47064495457027
-0.313536180417794 -1.04660944513312
0.112750239727263 -1.06088560453252
1.09904237054973 1.42877143604172
0.654209288297121 1.80373753549725
0.271953320369008 -0.238658518069758
-0.83845727782743 -0.717275924980475
-0.80610274129461 -2.15732670441402
-1.11051820432194 -1.61172506085028
-0.222643500269581 0.341573334361751
2.16602791824028 2.92546662877797
0.0923499835582695 -0.281083487992401
0.088171741505238 1.19425274364552
2.83383487796584 1.36893614199139
0.90240780164207 -0.197696209024575
0.203012587342795 -0.442435809826313
0.449350428802338 0.136198357457464
1.36922605187723 1.89041021452548
-0.97968731610258 0.344090980291958
1.97373881235607 1.06418244724323
-0.508746248333002 -1.24723323862866
-1.71173649107906 -1.49514111913093
-0.568107507132656 -1.60069368435269
1.72399328055013 1.45536078794277
-0.759506133949272 -0.940315281823652
-1.99450125757889 -1.49650988577458
-0.296970861731387 -0.642447641350224
-1.71203132269060 -1.24814560164257
0.486231519516347 -0.620845765975849
-1.83099999934409 -1.23511922396851
0.897111191761718 0.00084725342843156
-1.62302575525047 -0.494597869956198
-0.351554714624236 0.611481717973928
0.278296522632770 0.910268572691905
0.779573072790266 0.867405482454558
-0.103483024101342 0.355046711902311
-1.17010071271221 -0.746347554836708
-0.574829146207213 -0.937518543236977
0.248073738683211 -0.358592830797180
0.915067331625006 -0.85616690567262
0.0615505611531509 0.669668244119779
4.09855510711773 3.8362531095508
3.47326541650026 5.1214831254243
4.45277797568892 4.21478771651285
4.86668228367973 2.53397455105601
3.64127869054613 3.90360974420912
3.09231138867902 3.10809469441616
4.98215092144146 3.63216483096105
4.30211964633467 4.62588559705597
3.29461691231652 4.90852116451126
3.88490383887575 4.2463226858717
5.37017286109909 4.29402250741798
4.80789799078744 1.39133766532345
3.47781526624120 3.85010834544318
3.08325187416036 4.97648875287483
2.25915883970313 4.16608874949823
4.19511660394604 4.4883061418485
3.83237563303442 3.78313282175784
3.54221015351131 5.16659146237214
2.81297091913278 4.6904514196533
2.87189372831088 3.2173566311247
5.04664011440127 2.97649957513948
3.07766241701576 3.81348648041661
4.81518833613774 2.27107158795691
3.38857186554276 5.05596200059217
4.03470553197647 3.89027345480866
4.88357486014899 4.77608096293398
3.94023579954664 4.41577903088838
4.3396646698542 3.36457964922589
3.50433939601407 3.92077859613102
2.54363307405104 6.30510643421943
4.00160509580408 3.99856557966478
3.93263442058632 4.30494768764951
3.2876942452643 4.51646560142181
4.14829120516072 4.04335693282236
1.97707022389628 5.26560286874215
3.19419611667987 5.02609474427405
4.44243488434016 2.95546488196796
3.14527714969202 4.22936230665641
1.10293349580493 6.67378401691717
5.12751153771937 3.76336524027387
2.46166103403333 4.70440051600597
5.82468424441971 1.35659282189713
6.28651858123377 2.81943491145466
3.26381821509183 4.89222253040842
3.92723922714591 3.39931851551504
1.54853939400192 3.98887811853354
2.59217655749984 4.09756975879804
4.37074931738723 4.02421712404607
3.82633635444893 4.85152985733148
3.27906850576116 3.91628667541548
2.84375681524703 3.11663239129086
4.04063337045666 4.30609350133481
4.38985378590999 3.32296173121041
5.09025376239284 4.67325568157464
3.50744083957393 5.59423085573346
3.82640392656015 4.09411390332199
4.02171118499979 3.72677350493238
3.39088626837335 5.36630876039261
4.4515345750466 4.16178114976957
4.86414925320888 1.87015531139098
2.98650743377263 3.16377368173428
5.5365767602707 4.40586534514703
4.02615232685326 3.73783870512125
4.36314965735974 2.79549811515403
4.27009869984597 4.11799721989004
4.09110028185233 4.30503303169948
4.53340680442811 3.88520034476505
2.79929798407477 4.23214866809594
3.13050734099141 4.96705335480689
4.35540223057251 3.61819707044603
2.55574691797514 4.65779261864052
5.05241916984192 4.09221904244626
2.50930193489224 3.7508814830737
3.12386869940974 4.45596044981838
2.57874831453323 4.32902831208524
6.80245940820147 1.84721406070232
2.82011837184513 5.35130411732525
4.54453396398173 3.78728607642763
3.14782073584988 4.53360888015418
4.06469149997283 5.55675280567493
3.54071014860719 5.1597145420569
3.40266178688197 5.3632159798905
4.62746476377696 4.15779891285141
3.84592075360401 5.53396331730135
3.86592055435912 4.15390571165557
3.50738590939949 4.34687094777656
3.55698697937034 4.16811028936352
1.94048306030028 4.48916489294048
4.61964870932938 4.04156701524712
3.08555640426945 4.00374159018569
4.22368766972377 4.70473637263
3.33926298289861 2.97815932483313
4.51055061286474 3.93742009525899
2.85323589737443 2.87015453589372
3.4140875185793 3.73540318302815
3.497678766396 3.31731222938607
3.67139161873624 3.71276997205943
3.90637992882401 4.31749145811367
3.90730388740168 4.4220436797396
5.93254552787551 3.56345820351571
5.06136198548027 3.77820879356901
3.06965394018889 3.51484888570307
4.72310158712027 3.09527818212018
2.54043923004468 4.86112103333195
2.46131656530088 3.68463345549853
2.32122882311707 2.89030377963776
3.772506379345 5.78197137068077
5.25433850283428 2.61807634922219
2.62461304713656 3.01148212949225
4.24361933982988 3.722534367576
2.75426553641255 6.08911482192582
4.75692425578628 3.60494747761846
4.33042612624531 3.39934587238104
4.16927681521429 4.13354899883536
3.0018075496974 5.24953353224396
5.28402747864981 3.50042943066141
3.89576747434226 3.10574726210130
3.38939249243909 5.22136557023785
3.43031854003233 4.44517045360988
3.78814161925417 4.66628231950271
3.0768896054418 4.93679404490901
4.86603392749471 1.73324992349116
5.24525358421277 4.38397302392928
4.36802151870863 4.11297265825013
2.08287468721175 5.59776295017652
3.45690865838867 5.18150697915727
3.952567145373 4.9862216226225
2.0614358103846 5.22710625829479
4.56224599808435 3.24025505947024
2.9670836603241 2.05300279538515
4.505525162575 3.81742658824087
3.72418433404823 5.41853129145859
4.00231454715011 5.22916893630906
3.21305240189204 5.62683776599277
4.57983729805939 3.08728793965756
7.58132238306208 -0.230759956846725
3.84072760728757 3.56527134939857
4.3432280126958 4.00214695955848
4.81720014390522 3.07745561525677
4.28144606812721 4.05928215846214
2.93743129274488 4.50266145550291
4.13711588284529 5.34094576867026
2.56703394035976 2.90121423165339
4.00047112449789 4.30165092422183
4.73041414398019 3.82324856023041
3.86365535943643 4.62757462244355
4.68012110254323 3.89953173483892
5.30278170193595 3.41286627212205
4.08546282748022 3.40900938358145
3.79429396044419 5.53840873971379
3.96998694326797 4.67539466468603
4.11948665353599 3.76832841047817
3.71328622528295 3.60478789750402
4.10511573163548 2.04848676238788
5.72992900181876 2.91783304669531
3.66998411053554 2.25665696489655
3.41202865688472 5.6596562221458
3.15642865795395 3.05433433612464
4.77803300700745 4.25656147978219
4.11692497886187 3.22916568179229
2.07278205435582 4.6963843248234
3.83416697208338 2.70854442159168
5.73044803772652 1.54615535043499
5.55512517336032 3.46530248407282
3.69448556262585 4.48375883666077
2.77303410297665 4.40074242943967
3.42148210557101 3.931009937973
4.09543488278965 4.51352316023553
5.23901607907288 4.43248331763321
5.43020323915521 3.57582657812956
4.58711270614688 4.24933664684619
3.31780309503883 3.79686411347022
6.63550492041096 1.69359233843481
5.59957997009998 1.94948863067195
4.58922957654713 2.58976099509157
1.75677025178960 5.46966207921994
6.16966153529677 1.90114460845838
5.13739262743884 3.13374453701506
4.46000893754611 4.36472393662529
3.14395710691214 6.2385744703257
3.22994714018309 3.13938399012587
4.64069391723191 4.30411036445956
4.46059806001684 5.02863083803864
2.64013553684572 3.83199418979642
4.72518511867267 4.92569109866979
2.90455984119527 4.13580668363701
4.00785752569198 2.81878629668754
2.82783246523668 5.69240929589933
4.44685985111492 3.60890469970461
3.7074278836659 4.77373236133602
3.61643964793854 4.12281396579618
2.45841796774726 4.66244616802745
2.70880987478068 4.2863491947621
3.97808131192209 4.22463376371942
5.01803818304465 4.192679843588
2.9802602167027 5.79695560849700
4.43754033045023 2.77791840425961
2.11667878731729 3.63232402971429
3.31447332980012 4.9286047883513
3.66938384414313 2.71871592679812
3.96296316775479 3.35336352443611
5.36755042813603 1.12642987081266
4.96251181980164 2.44114623095963
4.60306279034649 3.50056572188864
1.94802007038982 6.04321039832922
6.4002643856194 1.40885378909178
4.03906819464893 4.31474333464187
4.2506525191548 5.04112969881673
6.11299379496748 2.98896873569244
4.83967158859211 3.15795700664501
3.49677880011269 5.12327347187004
3.20221998538947 4.65725022386658
2.24732957244813 4.89665761772551
4.1506536794003 3.48462630092787
4.04988997790834 5.06564990739578
0.599010305766094 5.98870045859808
3.68284952875012 4.02449572781036
2.39465242880416 6.17319613589614
3.60801246681248 4.09388395929074
3.335696832158 5.1478766396239
4.89627330751092 3.55960502304579
4.925347459203 4.20756334933705
2.56894571538885 4.27985651278351
4.12577909806519 3.5621856435229
4.53816944453357 4.62055811308637
6.23736561086215 3.03993372668888
5.05223970024437 2.88792200148684
4.03688038542578 2.50398687770038
4.39202583556519 3.65585348772114
5.19331622018011 3.72673842686689
4.32730962123779 2.612066790038
4.48432595859535 4.3460121241078
4.76182548670728 2.43976356169298
3.35552643050295 3.62622675218922
3.56420087426879 5.1332462908843
2.88358628648019 4.41345695735306
3.06688006706554 3.65389773743045
4.13322882496281 6.04641600206329
3.92228372644453 4.21666020646717
3.45952375672546 5.83260185999841
4.04005966715472 3.64664388272815
2.2485872172168 5.6846636235811
2.69452695340794 2.8140790829648
3.36568273125469 2.30227987531769
2.33564382119764 4.67488829920424
1.83421421813136 3.82835234253531
5.65814710337069 3.61548275683809
5.64689216465168 2.6525292378741
3.42381738792734 3.36371238084624
4.94108536747123 4.04721295067011
2.65603898085093 5.09944682911526
3.36093803664048 3.4999958521691
3.56281042730306 5.13318723432688
4.15165898727625 5.46022370370397
4.24465311982706 3.32180539246725
2.70577615673673 4.12981429766108
5.45482459428414 3.69271771072414
5.15467064497802 4.79638869222831
5.84099610363727 2.49460699567759
5.01891240879173 3.09156135175898
4.27371714649536 3.52461058007589
2.82055733994271 5.01718293796561
6.06470585044346 3.80439231078237
5.64003151401481 1.40515664422988
4.42680396226373 3.0748895436718
3.34160786913617 3.84866516282459
5.59047402755325 3.75030823076592
3.03065650185165 4.10020166143917
1.59119320868861 6.45951282872868
2.30490445259513 5.42250732814561
4.75598655198446 3.21685109095474
3.52620850437887 2.89351786060791
5.03842061476701 2.94571285098082
2.95169778115919 5.08157016429806
4.96728836880478 3.72084226351648
4.7485797925145 4.02753646702497
5.25892571196146 4.45507743887977
3.85799260443722 2.79216141683712
2.83135588416158 5.33770201503786
4.16114843584148 3.11078718283794
5.4651684195436 2.19109280382566
2.41106667960249 3.41300612148107
3.36240488855605 4.27436793110939
3.55518455258386 4.7596666425869
3.07848855299788 3.54108439045185
5.7337262657539 2.8869032627956
2.78924404927204 6.00862264119584
4.44829858087142 3.46421545743439
4.86503383976715 3.78537574028827
5.4826373192959 3.74151457268371
3.14870568684841 4.33064051255187
2.38429711264835 4.50926599899447
2.58831287998292 4.7043986871809
4.31984737822809 4.94482306615489
5.79013887573388 3.12097147497587
4.73855035412501 4.35263513144990
3.63432598004705 4.7054302572616
4.24405223089274 4.58482271637457
2.64769555163164 5.13611739058806
6.46951338868261 3.44496734687521
5.70428342094014 3.78293674617935
4.72300350599399 5.17889133056948
4.73528964081194 4.6469117231095
4.36179578311749 2.47666581974861
4.14967444050836 5.29420714483268
3.96233337282127 4.86831582460694
2.69849844371993 5.00886109693103
4.38033394370781 3.22022961367747
2.37008525831239 4.50807423329092
3.74065545044074 4.75386131684236
4.25268195608868 3.64983159473896
2.86543819058626 5.86576415786543
4.32641229145701 3.7821801883997
2.86833031303840 4.49891183943179
2.47410439709857 5.00317213243634
3.64122783702031 4.23001177598521
4.38052245150724 3.02812802179986
2.60490876383085 5.81588905805617
4.77916630609496 2.99755609173847
4.77435024699103 4.64097615634336
3.74447633242612 5.37580853637408
4.60368890805204 3.08322625779123
2.63699055822566 3.04863829374184
3.67643965983213 5.0200137643802
3.90320039995657 3.21276024025031
1.44941866785352 5.64670677111758
5.87491302393502 2.87055243072035
3.05033703042621 4.62984819675858
3.08447739340887 5.2620780653363
4.71392000559616 4.81768650399824
2.9554097045209 4.83028468652204
3.95447989810734 4.34247600340665
5.78213726723151 2.63533368503688
4.09823024447396 4.88887581371821
5.90139395521678 3.40406418190143
3.01122271320877 5.5947592874434
4.73963162513 3.29273872748877
4.0078723491476 3.72555346200445
2.27795933152860 4.31741969101681
3.43655037376741 5.37876575523106
4.91244461822361 3.09185854399915
4.18102890462213 4.11439182262704
1.98168396135519 4.62682156435306
4.95670097588909 4.1525690108195
3.65432140688355 4.63693477846249
2.8758011750264 4.08208275801660
3.63140044060376 4.6841851163698
4.82812415648253 4.39836377386567
4.77626207587328 2.25690963033912
4.51246062321475 2.42100823089972
5.62302937693632 4.47914707178055
4.23367102867765 3.67448936436601
4.42376089304027 3.78373141935642
4.2469261446493 4.21159684101427
4.93003835095454 2.00843537141606
4.02374155927560 3.3058532688128
4.40232404705964 4.40107392078426
3.73161649845366 3.85483543026454
4.55653326100008 4.87690912152948
4.94223818603383 2.67543294829246
1.88809558710332 4.72515534457675
4.19994845183387 4.57671612582733
4.13930588525921 3.83208850994933
3.30608520088295 4.25834256745248
4.55356495640707 4.18351355609896
2.22366334289668 4.50829946936433
3.4247093294968 3.00874682763507
5.35101314008117 2.47637832991244
5.61400593672152 2.01939580743821
4.32655849271984 2.79307155098368
4.96908896679372 3.83585605554854
3.48595153331292 5.63413708867166
4.28901499531522 3.47340191594864
5.14225630417579 5.91554424902774
3.11726812445342 3.93766074286738
3.39095329216050 4.6998397729631
3.50720652467486 4.65732147445399
2.5579534815483 5.77626544095026
2.86893868112560 3.76948379709476
4.23742017279483 5.58775214996462
2.71298872263889 3.88966184971146
3.93843246603826 3.09305561436982
4.18938054129159 3.54215200294390
4.66449686746239 4.10843978403690
4.69703099744037 3.89486077238057
5.24145652005577 4.10340167852712
5.53203940824209 2.82088867644315
5.43693130854503 2.86435244106663
4.54839183117478 4.11494028434306
5.27794451337438 3.96826023770489
4.61723963711414 2.18953205139584
3.60732671408711 4.6950601087908
3.35461465444443 3.69844016154308
3.79355497886241 2.89238172961940
5.93330276088707 0.819989005493088
6.26893605215123 2.87501601758571
2.29710006415216 4.16251982860601
5.05371657035642 3.91998401219321
3.68465231246838 3.68182185181327
3.02318208006699 5.91439614785584
